10 2
10 3
20 2
20 1
10 4
10 3
10 8
10 5
10 4
30 2
10 3
20 5
30 2
20 3
20 5
20 5
20 4
20 3
30 6
40 3
40 1
30 3
30 4
30 5
30 3
30 5
40 4
50 2
40 3
50 1
40 4
40 3
40 5
40 5
50 6
50 3
60 3
50 4
50 3
50 4
60 1
50 5
60 6
60 3
70 4
60 4
60 3
60 4
70 1
60 5
70 6
70 3
70 3
70 4
80 3
70 4
70 6
80 2
80 6
80 3
80 3
80 5
80 4
90 3
80 4
90 2
90 6
90 3
90 3
90 5
90 4
100 3
90 4
100 6
100 2
100 3
100 3
100 6
100 4
110 3
100 5
110 6
110 3
110 1
110 3
110 6
110 4
120 3
110 5
120 6
120 3
120 1
120 3
120 6
120 4
130 3
120 4
130 6
130 3
130 3
130 6
130 1
130 4
140 3
140 6
130 4
140 3
140 3
140 6
140 5
140 1
150 3
150 6
150 3
140 4
150 3
150 6
150 5
150 1
160 3
160 7
160 3
150 4
160 3
160 6
160 5
160 1
170 3
170 6
170 3
160 4
170 3
170 6
170 5
170 1
180 3
180 6
180 3
180 3
170 4
180 6
180 5
180 1
190 3
190 6
190 3
190 3
190 6
180 4
190 5
190 1
200 3
200 6
200 3
200 3
200 7
190 4
200 5
200 1
210 3
210 6
210 3
210 3
210 7
210 5
200 4
210 1
220 3
220 7
220 3
220 3
220 7
220 5
210 4
220 1
230 3
230 6
230 3
230 3
230 7
230 5
220 4
230 1
240 3
240 7
240 3
240 3
240 7
240 5
230 4
240 1
250 3
250 7
250 3
250 3
250 7
250 5
240 4
250 1
260 3
260 6
260 3
260 4
260 7
260 5
250 4
270 3
270 4
260 1
270 3
270 4
270 7
270 5
260 4
280 3
280 7
280 4
280 7
280 3
280 5
270 1
270 4
290 3
290 7
290 4
290 6
290 5
290 3
280 1
280 4
300 3
300 7
300 4
300 6
300 5
300 3
290 2
290 7
300 2
300 7
10 3
10 2
20 3
10 2
20 2
10 5
30 3
10 3
10 2
30 2
20 2
20 5
40 3
20 3
20 1
40 2
30 3
30 5
30 2
30 1
50 3
50 2
40 5
40 5
40 1
40 2
50 4
50 5
50 1
60 2
50 2
60 6
60 3
60 3
60 1
10 2
60 2
70 2
70 3
70 6
20 3
70 3
70 1
80 3
80 3
30 3
70 2
80 6
80 3
40 3
10 3
80 1
90 3
80 2
90 3
90 5
20 5
90 3
50 3
30 5
100 3
90 1
60 3
90 3
100 3
100 5
100 3
40 5
110 3
70 3
100 1
50 6
100 3
110 3
110 3
110 5
80 3
60 6
120 3
110 1
120 3
110 2
70 5
90 3
120 2
120 6
130 3
80 5
120 1
130 3
100 3
120 2
130 2
130 6
140 3
90 5
110 2
140 3
130 1
130 3
100 5
150 3
140 6
140 3
120 2
150 3
140 1
140 3
110 6
160 3
150 6
130 2
150 3
160 3
120 7
150 1
150 3
170 3
140 2
160 6
160 3
170 3
130 7
160 1
160 3
180 3
150 2
180 3
140 7
170 3
170 6
170 1
170 2
160 2
190 3
150 7
190 3
180 6
180 3
170 3
180 1
200 3
180 1
160 7
200 5
190 6
190 3
180 3
210 3
190 1
170 6
190 1
210 5
200 6
200 3
190 3
180 6
220 3
200 1
200 1
220 5
200 3
210 5
210 3
190 6
230 3
210 1
210 1
230 5
210 3
200 6
220 5
240 3
220 3
220 1
240 5
220 1
220 4
210 6
250 3
230 5
230 3
250 5
230 1
230 1
230 4
220 6
260 3
240 5
240 3
260 5
240 1
240 1
240 4
230 6
270 3
250 5
270 5
250 3
250 1
250 1
240 6
250 4
280 3
280 5
260 5
260 5
250 6
260 4
260 0
260 2
290 4
290 5
270 5
260 6
270 5
270 4
270 0
270 1
300 4
270 6
300 5
280 5
280 5
280 4
280 1
280 0
280 6
290 6
290 5
290 4
290 1
290 0
300 7
290 6
300 5
10 4
300 4
20 4
300 0
300 1
10 3
30 3
20 3
300 6
40 3
30 3
50 3
40 3
60 3
50 3
70 3
80 3
60 3
90 3
70 3
100 3
80 3
10 3
90 3
20 4
10 3
110 3
30 3
100 3
20 3
40 4
10 1
30 3
20 1
120 3
50 3
110 3
10 2
10 1
30 1
40 3
20 1
20 3
60 3
40 1
30 1
50 3
30 3
130 3
120 3
10 2
70 3
40 1
50 1
60 3
20 1
40 3
50 1
30 1
80 3
60 1
70 3
50 3
130 3
140 3
60 1
40 1
80 3
60 3
70 1
90 3
70 1
50 1
140 3
90 3
70 3
150 3
80 1
100 3
60 1
80 2
100 3
80 3
70 1
90 1
90 2
110 3
150 3
160 3
80 1
110 3
90 3
100 2
100 1
120 3
90 1
120 3
100 3
160 3
110 2
170 3
110 1
130 3
100 1
130 3
110 3
120 2
120 1
170 3
110 1
140 3
180 3
120 3
130 2
140 3
130 1
120 1
150 3
180 3
150 3
130 2
140 2
190 3
130 1
140 1
160 3
150 2
160 3
140 2
190 3
140 1
200 3
150 1
170 3
160 2
170 3
150 2
150 1
200 3
160 1
170 2
180 4
180 3
210 3
160 2
160 1
170 1
180 2
210 3
190 3
190 4
170 2
220 3
170 1
190 2
180 1
200 3
200 4
180 2
220 3
180 1
230 3
200 2
210 3
190 1
210 5
190 2
190 1
230 3
210 2
240 3
220 3
200 1
220 4
200 3
200 1
240 4
220 2
230 3
210 1
250 3
230 4
210 1
210 3
230 1
240 3
250 3
220 1
220 1
240 5
220 3
260 3
240 1
250 3
260 4
230 2
230 1
250 5
230 3
270 3
250 1
260 3
240 1
240 1
270 3
240 3
260 5
260 1
280 3
270 3
250 1
250 2
270 5
250 3
280 3
270 1
280 3
290 3
260 1
280 5
260 2
260 3
280 1
290 3
290 3
300 3
270 1
270 3
290 5
270 2
290 1
300 3
300 3
280 1
280 3
300 1
300 5
280 1
290 1
290 3
290 1
300 1
10 3
20 3
30 3
10 2
40 3
10 2
300 3
300 2
20 1
20 3
50 3
30 3
30 1
10 4
40 3
60 3
20 4
40 1
10 5
50 3
30 4
20 3
70 3
60 3
50 1
30 3
40 3
80 3
40 2
70 3
50 3
60 1
50 3
90 3
60 3
80 3
70 1
60 2
100 3
70 3
90 3
70 2
80 1
110 3
100 3
80 3
10 3
80 2
20 2
90 1
110 3
90 3
90 3
30 2
120 3
100 1
40 3
100 3
100 3
120 3
10 2
10 1
50 3
130 3
20 2
110 1
20 2
30 2
110 2
60 3
110 3
30 2
130 3
40 2
140 3
120 1
70 2
40 1
50 2
120 2
120 3
50 2
80 2
60 2
130 1
140 2
150 3
60 2
130 2
70 2
90 2
130 3
140 1
70 2
80 2
160 3
150 2
100 2
140 2
90 2
80 2
140 3
150 1
170 3
110 2
160 3
100 2
150 2
90 2
150 3
160 1
120 2
110 2
180 3
100 2
160 2
170 3
170 1
120 2
130 2
160 3
110 2
190 3
170 2
130 2
180 3
140 2
180 1
120 2
170 3
200 3
140 2
180 2
150 2
130 2
190 1
190 3
180 3
150 2
210 3
160 2
140 2
190 2
200 1
200 3
160 2
190 3
170 2
150 2
220 3
200 2
210 1
170 2
210 3
200 3
160 2
180 2
230 3
210 2
180 2
220 1
170 2
190 2
220 2
210 3
190 2
240 3
220 2
230 1
180 2
200 3
200 2
220 3
230 2
250 3
230 2
240 1
190 2
210 3
210 2
230 3
240 3
260 3
240 2
250 1
200 2
220 2
220 2
240 3
270 3
250 2
250 2
260 1
210 2
230 3
230 2
250 3
280 3
270 1
260 2
260 2
240 2
220 2
240 2
260 4
280 1
290 3
270 2
250 2
230 2
270 3
250 2
290 2
260 2
300 3
270 4
280 2
240 2
260 2
280 3
270 2
250 2
300 2
290 2
280 4
270 2
290 3
280 2
260 2
280 2
300 2
290 4
300 3
290 2
10 4
270 2
20 4
290 3
30 5
300 4
40 4
300 2
50 5
10 2
60 5
20 2
300 3
280 2
30 2
70 5
40 2
80 5
50 2
90 5
60 2
10 1
20 1
290 1
70 2
100 5
10 3
30 1
20 2
40 1
80 2
110 5
30 2
50 1
40 2
90 2
120 5
60 1
300 1
10 2
50 3
100 2
20 2
70 1
130 5
60 3
10 1
30 2
20 1
110 2
70 3
140 5
80 1
30 2
40 2
80 3
120 2
10 4
40 2
50 2
20 3
90 1
150 5
50 2
90 3
30 3
60 1
130 2
60 2
100 1
100 3
40 3
70 1
160 5
70 2
50 2
140 2
110 3
80 2
110 1
60 3
80 2
170 5
120 3
150 2
120 1
90 2
90 2
70 4
130 3
80 4
100 2
160 3
130 1
100 2
10 5
180 5
90 4
110 2
20 4
140 3
110 2
140 1
170 3
30 4
100 4
120 2
40 4
120 2
190 5
150 3
50 4
150 1
110 3
130 2
180 3
60 5
130 2
70 6
120 4
160 3
160 1
140 1
200 5
80 6
190 3
130 5
140 3
90 6
150 1
170 1
170 3
140 4
100 6
210 5
150 2
160 1
200 3
180 1
110 6
180 3
150 4
160 2
170 1
120 6
220 6
190 1
210 3
190 3
160 6
130 6
180 1
170 2
200 1
230 5
140 6
170 4
220 2
200 3
190 1
180 2
150 6
180 4
210 1
240 6
210 3
200 1
230 2
160 6
190 2
190 4
220 1
170 6
210 1
220 3
200 2
250 6
240 2
200 4
180 6
230 1
220 1
230 3
210 2
210 4
190 6
260 6
250 2
240 1
230 1
200 6
220 2
220 4
240 3
270 6
260 2
240 1
250 1
210 6
230 5
230 2
250 3
250 2
260 1
220 6
270 2
280 5
240 6
240 2
260 3
230 6
260 3
270 1
280 2
250 6
290 6
250 2
240 6
270 3
270 3
280 1
260 7
290 3
250 6
260 2
300 5
280 3
280 3
270 2
290 1
270 6
260 6
290 4
300 3
300 1
290 3
280 2
270 6
280 7
300 4
300 3
290 2
280 6
290 6
10 1
20 3
30 3
290 6
300 2
40 3
300 7
50 2
10 4
10 3
20 4
60 3
20 2
30 3
300 6
30 2
40 5
70 3
40 2
10 3
50 5
80 6
50 2
20 3
60 2
30 3
60 6
90 5
10 3
40 3
70 2
20 3
70 6
50 3
30 3
100 5
80 3
80 4
40 3
60 3
50 3
110 6
90 3
90 6
60 3
70 3
100 3
100 4
70 3
120 6
80 3
10 3
10 1
110 3
20 1
20 2
80 3
110 4
90 3
30 1
30 2
130 5
40 1
10 4
90 3
120 3
40 2
120 4
100 3
20 2
50 1
140 5
50 2
30 2
100 3
110 3
60 1
130 3
130 4
40 2
60 2
110 3
70 1
150 6
50 2
120 3
70 2
140 4
140 3
80 1
60 2
120 3
80 2
160 6
130 3
150 4
90 1
70 2
150 2
130 3
90 2
140 3
80 2
170 6
100 1
160 4
140 3
100 2
160 3
90 2
110 1
150 3
180 6
110 2
170 4
150 3
100 2
170 2
120 1
160 3
120 2
190 5
110 2
180 4
160 3
130 1
180 2
170 3
130 2
120 2
170 3
200 6
140 1
190 4
190 2
180 3
140 2
130 2
150 1
180 3
210 6
200 4
190 3
200 2
150 2
140 2
160 1
190 3
210 4
220 6
160 2
200 3
150 2
210 2
170 1
200 3
220 4
230 6
160 2
170 2
210 3
180 1
220 2
210 3
230 4
240 6
170 2
180 2
220 3
190 1
230 2
220 3
240 4
180 2
190 2
250 6
230 3
200 1
240 3
230 3
190 2
250 5
200 2
210 1
240 3
260 6
240 3
250 3
200 2
210 3
260 5
220 1
250 3
270 5
250 3
260 3
210 2
220 3
230 1
270 4
260 3
280 5
260 3
270 3
220 2
230 3
240 1
270 3
280 4
290 5
270 3
230 2
280 3
250 1
240 4
280 3
290 4
300 5
280 3
240 2
300 4
290 3
260 1
250 4
290 3
290 3
250 2
270 1
260 4
300 3
300 3
300 3
260 2
280 1
270 5
10 3
20 3
270 2
10 2
30 3
20 2
290 1
40 3
30 2
280 6
40 3
50 3
50 3
60 3
60 3
10 2
10 0
280 2
290 6
70 3
20 0
20 3
70 3
30 0
30 3
300 1
80 3
80 3
40 2
40 0
50 2
90 3
10 8
50 0
290 2
90 3
60 3
20 6
100 3
60 0
30 7
70 3
100 3
300 6
40 7
70 0
110 3
80 4
110 3
50 9
80 0
300 2
90 4
120 3
60 9
90 0
120 3
130 3
100 4
70 9
100 0
130 3
140 3
80 9
110 4
110 0
120 3
90 10
140 3
10 3
150 3
120 0
20 3
130 3
100 10
30 4
130 0
40 4
160 3
150 3
50 4
140 3
170 3
110 9
60 3
140 0
160 3
70 3
120 9
10 2
180 3
150 3
10 4
20 2
80 3
150 0
20 3
30 2
170 3
130 8
30 3
90 3
40 2
190 3
40 3
160 3
160 0
50 2
50 3
100 3
140 8
60 2
60 3
180 3
200 3
170 0
170 3
70 2
110 3
70 3
150 9
80 2
80 3
120 3
190 3
180 0
210 3
180 3
90 2
90 3
160 8
130 3
100 2
100 4
190 0
200 3
190 3
220 3
110 2
110 3
140 3
170 8
120 2
200 0
120 3
200 3
230 3
150 3
210 3
180 8
130 2
130 3
210 0
160 4
210 3
140 2
240 3
140 3
190 8
220 3
170 4
220 0
150 2
150 3
220 3
250 3
200 9
230 3
160 2
160 3
180 4
230 0
230 3
260 3
170 2
170 3
210 9
190 4
240 3
240 0
180 3
180 2
240 3
270 3
200 4
220 9
250 0
190 3
190 2
250 3
210 4
250 4
280 3
230 9
200 3
200 2
260 0
260 3
220 4
210 3
210 2
260 4
240 8
290 3
270 0
230 4
270 3
220 3
220 2
250 8
270 4
300 3
230 3
280 0
280 3
240 4
230 2
260 8
240 3
280 4
250 4
290 0
240 2
290 3
250 3
270 9
290 4
250 2
260 4
300 0
260 3
300 3
10 2
260 2
20 2
280 9
270 4
300 4
30 3
270 3
40 3
50 3
270 2
290 8
60 3
280 4
280 3
70 3
300 9
280 2
80 3
290 5
10 2
90 3
290 3
20 0
30 0
10 1
100 3
290 2
20 1
40 0
30 1
10 10
40 1
20 6
50 0
50 1
110 3
30 2
300 5
60 1
300 3
60 0
40 2
70 1
70 0
120 3
300 2
50 2
80 1
60 2
80 0
130 3
90 1
70 2
90 0
100 1
80 2
100 0
140 3
10 3
20 3
110 1
90 2
110 1
30 3
40 3
150 3
120 1
100 1
50 3
120 1
60 3
70 3
130 1
110 1
10 2
130 1
10 0
160 3
80 3
20 2
20 0
30 2
140 1
30 1
10 2
90 3
120 1
40 2
140 1
20 3
40 1
170 3
100 3
30 3
50 2
150 1
50 1
130 1
40 3
60 3
60 1
150 1
110 3
50 3
160 1
70 3
70 1
180 3
140 1
60 3
120 3
80 1
160 1
80 3
70 3
170 1
150 1
130 3
90 1
90 3
190 3
80 3
170 1
140 3
100 1
180 1
160 1
100 2
90 3
110 1
200 3
150 3
110 2
100 3
180 1
190 1
170 1
120 1
160 3
110 3
120 3
210 3
200 1
190 1
180 2
130 1
120 3
130 3
170 3
140 1
210 1
190 2
130 3
220 3
200 1
140 4
180 3
150 1
140 3
150 4
220 2
200 2
190 3
210 2
230 3
160 1
150 3
160 4
200 4
230 2
210 2
170 1
220 2
160 3
240 3
170 4
210 4
240 2
220 2
180 1
170 3
230 2
180 5
250 3
220 4
190 1
250 2
230 2
180 3
190 5
240 2
230 4
200 1
260 4
190 3
240 2
260 2
200 5
240 4
210 1
250 3
200 3
250 2
270 2
270 4
210 5
250 4
220 1
210 3
260 3
280 2
260 2
220 5
280 4
260 4
230 1
220 3
270 3
230 5
290 2
270 1
270 5
240 1
290 4
230 3
280 3
240 5
300 2
280 5
250 1
280 1
240 3
300 5
250 5
290 5
290 3
260 1
290 2
250 3
300 6
260 5
270 1
300 4
300 2
260 3
10 3
270 5
280 1
20 3
270 3
30 3
10 3
40 3
20 3
30 4
50 3
280 5
40 4
60 3
290 1
280 3
50 4
70 3
10 5
20 4
30 5
80 3
290 5
60 4
40 5
290 3
10 2
70 4
10 4
90 3
50 5
300 1
20 2
20 4
30 2
80 4
60 5
30 2
300 5
100 3
40 2
70 5
40 2
90 4
300 3
50 2
50 3
110 3
80 5
100 4
60 2
60 2
90 5
120 3
70 2
70 3
110 4
100 5
80 2
80 3
130 3
120 4
110 5
90 3
90 2
120 5
130 4
140 3
100 3
100 2
140 4
10 4
110 3
150 3
20 2
130 5
110 2
150 4
10 4
120 3
30 2
20 4
40 2
140 5
30 4
120 2
160 3
10 2
50 2
130 3
40 4
160 4
20 2
150 5
60 2
30 2
50 4
130 2
140 3
40 3
170 3
70 2
60 4
170 4
160 5
50 3
80 3
70 4
140 2
150 3
60 3
180 3
90 4
170 5
80 4
180 4
70 3
150 2
100 2
160 3
90 4
80 3
180 5
190 3
110 3
190 4
100 4
160 2
90 3
170 4
190 5
120 2
100 3
110 4
200 3
170 2
200 4
180 4
130 2
110 3
120 4
200 5
210 3
180 2
120 4
140 2
190 4
130 5
210 4
210 5
130 4
150 2
140 5
190 2
220 3
200 4
220 5
220 4
140 4
160 2
150 5
200 2
210 4
230 3
150 4
230 5
170 2
230 4
160 5
210 2
160 5
220 4
180 3
240 5
240 3
170 5
240 4
170 5
190 4
220 2
230 4
180 5
250 5
250 3
180 5
250 4
200 3
190 5
230 2
240 4
260 5
190 6
260 3
210 3
200 5
260 4
250 4
240 2
270 5
200 5
220 4
270 3
210 5
270 3
260 5
280 5
250 2
210 5
230 3
220 5
280 3
220 5
290 5
270 6
280 3
260 2
240 4
230 5
290 3
230 5
300 5
280 6
250 4
290 3
270 2
240 5
240 5
260 4
300 4
290 5
300 3
280 2
250 5
250 5
270 4
300 5
290 2
260 5
260 5
280 4
10 4
20 3
30 5
300 2
40 4
270 5
50 5
290 5
270 5
10 2
20 1
60 4
10 4
30 1
20 4
40 1
70 5
30 4
280 5
50 2
300 5
40 4
80 6
60 2
50 5
280 7
70 2
90 5
60 5
10 6
80 2
290 5
20 2
100 4
70 5
30 1
90 2
40 1
110 4
80 5
100 2
50 1
90 4
290 6
120 4
110 2
60 2
300 5
10 3
100 4
70 2
20 3
120 2
130 4
110 4
80 2
30 3
120 4
130 2
40 3
90 2
300 4
140 5
50 3
130 4
140 3
10 4
100 2
20 5
60 3
150 5
30 5
110 2
150 3
140 4
70 3
40 5
160 5
120 2
50 5
160 3
80 3
150 5
60 5
130 2
170 5
70 4
170 2
90 3
160 6
140 2
10 4
80 5
180 5
100 3
20 3
180 3
90 5
170 7
150 2
30 3
100 4
40 3
110 3
190 2
190 5
50 3
10 2
110 4
180 7
160 2
20 1
120 3
60 3
30 2
70 3
120 4
200 2
40 2
130 3
200 5
170 2
190 6
50 2
80 3
130 4
60 2
140 3
90 3
210 2
70 2
180 3
200 6
210 6
140 4
100 3
150 3
80 2
110 3
90 2
150 4
190 3
210 6
220 2
160 3
220 5
120 3
100 2
160 4
170 3
200 3
220 6
110 2
130 3
230 2
230 6
120 2
170 4
140 3
180 3
210 3
230 6
130 2
150 3
180 4
240 2
190 3
240 6
140 2
240 7
220 3
160 3
190 4
200 3
150 2
250 2
170 4
250 6
250 7
230 3
160 3
200 4
210 3
180 5
170 3
260 2
260 7
240 3
210 4
220 3
260 6
190 4
180 4
220 4
270 7
230 3
200 4
250 3
270 2
190 4
270 6
210 4
240 3
230 4
200 4
280 7
260 3
280 2
280 6
220 5
250 3
210 4
240 4
290 7
270 3
290 2
230 5
220 4
290 5
260 3
250 4
300 7
280 4
240 5
230 4
270 3
260 4
300 2
300 5
240 4
290 4
250 5
280 3
270 4
250 4
280 4
290 3
260 5
300 4
260 4
10 0
290 4
300 3
270 4
20 1
10 2
30 1
20 2
270 4
10 12
40 1
30 2
20 4
50 1
40 2
30 2
280 5
60 1
50 2
300 4
40 1
280 4
70 1
50 2
60 2
80 2
70 2
60 2
90 3
10 2
70 3
80 2
290 4
20 2
290 4
100 3
30 3
80 2
90 3
40 2
10 3
110 3
50 1
100 3
20 3
90 2
120 3
30 3
60 1
300 5
300 4
40 3
110 2
100 2
70 1
130 3
50 3
80 1
120 3
60 3
110 2
10 3
140 3
20 4
70 3
90 1
30 4
120 2
40 4
80 3
130 3
150 3
50 4
100 2
90 3
60 4
130 2
140 3
70 4
110 2
100 3
160 4
80 4
140 2
120 3
110 3
150 3
170 4
90 4
130 4
120 3
100 4
150 2
10 2
160 4
180 3
10 2
20 2
140 5
130 3
20 3
30 2
110 4
30 4
40 2
160 2
170 3
190 3
150 5
140 3
40 4
50 2
120 4
60 3
50 4
170 3
150 3
200 3
160 5
130 4
70 3
180 3
60 4
80 5
70 4
160 3
140 4
170 5
180 2
90 4
210 5
80 4
190 4
100 5
170 3
150 4
90 4
180 5
190 2
220 5
110 5
200 4
100 4
180 3
160 4
120 4
190 5
110 4
230 5
200 2
190 3
210 4
170 4
130 4
120 4
200 5
140 5
240 7
210 2
200 3
180 4
130 4
220 4
150 5
210 5
210 3
140 4
190 4
250 7
220 2
160 5
230 4
220 5
150 4
220 3
200 4
170 5
260 7
230 2
160 4
240 5
230 5
180 5
230 3
210 4
270 6
170 4
240 2
190 5
240 5
250 5
240 3
220 4
180 4
280 7
200 5
250 2
250 5
250 3
230 4
260 5
190 4
210 5
290 7
260 3
260 3
260 5
240 4
200 4
220 5
270 5
300 6
270 3
210 4
230 5
250 4
270 5
270 3
280 5
240 5
220 4
280 5
280 3
260 4
280 3
290 5
250 5
290 5
230 4
290 3
270 4
300 5
290 3
300 5
260 5
240 4
10 2
280 4
20 2
300 3
30 2
300 3
270 5
40 2
250 4
50 2
290 4
60 3
280 5
70 3
260 4
80 2
90 2
290 5
300 4
10 2
100 2
20 0
10 4
270 4
30 0
20 3
110 2
30 3
40 0
40 3
300 5
10 10
50 0
120 2
10 2
20 6
50 4
20 2
30 5
60 0
30 2
60 4
40 5
280 4
70 0
130 3
40 2
50 7
70 4
80 1
50 2
60 5
80 4
140 3
90 0
60 2
70 4
70 2
90 4
100 1
80 4
290 4
150 3
80 2
10 3
100 4
110 2
20 2
90 6
90 2
30 3
160 4
110 4
120 2
100 6
40 3
300 4
100 2
130 2
50 3
120 4
110 2
110 5
10 5
170 4
60 3
130 4
20 4
120 2
140 2
30 4
120 6
70 3
140 4
40 5
80 3
180 4
130 2
130 6
50 5
150 2
150 4
60 5
90 3
140 7
140 2
160 2
190 4
100 3
70 5
160 4
150 7
150 2
80 5
170 2
110 3
160 7
170 4
200 4
160 2
90 5
10 2
120 3
180 2
20 2
170 7
100 5
180 4
170 2
30 2
210 4
130 3
40 2
190 4
110 5
180 7
50 2
180 2
190 4
140 3
60 2
120 5
200 4
220 2
190 7
70 2
190 2
150 3
200 4
130 5
80 2
210 5
200 7
160 3
230 2
200 2
140 5
90 2
210 4
100 2
210 7
220 4
170 3
150 5
210 3
220 4
110 2
240 3
180 4
220 7
160 5
230 4
220 2
120 2
230 4
250 3
190 4
170 5
130 2
230 7
240 6
230 2
240 4
140 2
180 5
200 4
240 7
260 3
250 5
240 2
150 2
190 5
210 4
250 4
250 8
160 2
250 3
260 5
270 3
200 5
220 4
260 4
260 8
170 2
260 2
270 5
210 5
230 4
280 3
180 2
270 4
270 9
270 2
280 4
220 5
240 4
190 2
290 2
280 9
280 4
280 3
290 4
200 2
230 5
250 4
290 9
290 4
300 3
290 3
210 2
300 3
240 5
260 4
300 9
300 4
300 3
220 2
250 5
270 4
230 2
260 5
280 4
10 1
240 2
20 2
30 2
10 3
270 5
40 3
20 2
50 2
290 4
30 2
10 1
40 3
20 1
250 2
30 1
60 4
10 2
50 4
280 5
20 2
40 1
70 4
10 6
60 3
30 2
20 6
50 1
40 2
70 3
80 5
300 4
30 6
50 2
60 1
260 2
80 3
40 6
90 3
70 1
60 2
50 6
290 5
90 3
70 2
80 1
60 6
100 3
100 2
80 2
70 6
90 1
270 2
110 3
110 3
90 2
80 6
300 5
100 1
120 3
90 6
100 2
120 2
280 2
110 2
110 2
100 6
130 4
130 3
120 2
120 2
10 5
110 6
20 4
140 4
290 2
140 2
130 2
30 4
130 2
120 6
40 4
150 5
300 2
50 4
150 3
140 2
140 2
130 6
60 4
150 2
160 3
160 5
10 3
70 4
150 2
160 2
20 3
140 6
30 3
170 2
80 4
40 3
170 2
170 4
50 3
90 4
160 2
150 6
180 2
60 3
100 4
70 3
180 5
180 2
170 2
160 6
190 3
80 3
110 4
90 3
190 2
120 4
200 3
170 6
190 5
180 2
100 3
10 6
20 2
130 4
30 2
110 3
200 2
40 2
200 5
180 6
210 3
190 2
120 3
50 2
140 4
60 2
210 6
130 3
210 2
190 6
70 2
200 2
150 4
220 3
80 2
140 3
160 4
220 6
90 2
200 6
220 2
210 2
150 3
230 3
100 3
170 5
230 6
110 3
160 3
210 6
220 2
230 2
120 3
180 4
240 3
170 3
240 7
130 3
220 6
230 2
190 4
240 2
180 3
140 3
250 4
250 7
230 6
190 3
200 4
240 2
150 3
250 2
260 4
260 7
160 3
200 3
210 4
240 6
250 2
170 3
260 2
210 3
270 7
220 5
270 4
180 3
250 6
260 2
220 3
230 5
270 2
280 7
190 3
280 4
260 6
230 3
270 2
200 3
240 5
290 7
280 2
240 3
290 4
210 3
270 6
280 2
250 5
300 6
250 3
220 3
290 3
260 5
300 4
280 6
290 2
260 3
230 3
300 3
270 5
290 6
300 2
270 3
240 3
280 5
250 3
10 3
300 6
280 3
20 3
30 3
40 4
10 2
290 5
50 4
260 4
20 2
30 3
60 4
290 3
40 2
70 4
50 2
270 4
80 4
300 5
10 3
10 3
60 3
20 3
300 3
20 4
90 4
30 3
70 4
30 5
100 4
40 3
280 4
40 5
80 3
50 5
50 3
110 5
60 5
90 3
60 3
120 4
70 5
290 4
70 3
100 3
10 5
20 5
80 5
130 4
30 5
80 4
110 3
40 5
90 5
50 5
90 4
140 4
60 5
300 4
100 4
120 3
70 5
100 4
10 1
110 5
20 1
150 5
110 4
30 1
80 5
120 5
130 3
10 4
40 1
20 1
120 4
90 5
50 1
160 5
30 1
140 3
130 5
40 1
60 1
100 5
130 4
50 1
150 3
140 5
70 1
110 5
170 5
60 1
80 1
140 4
70 1
150 5
120 5
160 3
90 1
180 5
130 5
80 1
160 5
150 4
170 3
140 5
100 1
90 1
190 5
10 6
170 5
100 1
160 4
110 1
20 4
150 5
180 3
30 4
200 5
110 1
40 4
120 1
180 5
170 4
160 5
50 5
120 2
190 4
60 5
130 1
210 5
190 5
170 5
70 5
130 2
180 4
140 1
80 6
200 5
220 5
140 1
200 5
180 5
90 4
190 4
150 1
100 4
150 1
190 5
210 5
230 5
210 5
160 1
110 4
200 4
160 1
120 4
200 5
220 5
220 5
170 1
240 5
170 1
210 4
130 4
210 5
180 2
230 5
140 4
180 1
250 6
230 5
220 4
220 5
150 4
190 2
190 1
240 5
260 5
240 5
230 4
160 4
230 5
200 2
200 1
250 5
170 4
270 5
250 5
240 4
210 1
240 5
210 2
180 4
260 5
280 5
220 1
250 4
220 2
250 5
190 4
260 5
270 5
230 1
200 4
230 2
290 5
260 5
260 4
270 5
210 4
280 5
240 2
240 2
270 5
300 5
270 4
220 4
280 5
250 2
290 5
280 5
250 2
230 4
280 4
290 5
260 2
290 5
300 5
240 3
260 2
290 4
270 2
300 5
300 5
250 3
270 2
10 1
20 1
280 2
30 1
300 4
40 1
260 3
50 1
280 2
60 1
290 2
70 1
270 3
10 3
80 1
20 3
290 2
90 1
30 2
300 2
40 3
100 1
10 2
20 2
50 3
110 1
30 2
280 3
60 3
10 4
120 1
40 2
70 3
300 2
20 3
30 4
50 2
130 1
80 3
40 4
60 2
10 3
90 3
290 3
50 4
140 1
20 4
70 2
30 4
100 3
60 4
40 4
80 2
150 1
110 3
70 4
50 4
80 4
90 2
90 4
60 4
120 3
160 1
300 3
100 3
10 4
70 4
100 2
20 4
130 3
110 3
170 1
30 4
80 4
110 2
180 1
10 3
40 4
20 2
140 3
120 3
90 4
50 4
30 3
120 2
40 3
100 4
60 4
190 1
150 3
130 3
50 2
130 2
70 4
110 4
60 2
200 1
80 4
160 3
140 3
140 2
70 2
90 4
120 4
210 1
150 2
80 2
170 3
100 4
150 3
130 4
10 6
90 2
110 4
20 4
160 2
180 3
220 1
160 3
30 4
100 2
140 4
120 4
40 4
110 2
190 3
170 2
50 3
230 1
170 3
150 4
130 4
60 3
120 2
200 3
70 3
180 2
160 4
140 4
180 3
240 1
130 2
80 3
210 3
190 2
150 4
90 3
170 4
140 2
190 3
250 2
100 3
150 2
160 4
220 3
180 4
200 2
110 3
200 3
260 2
160 2
170 4
120 3
190 4
230 4
210 3
210 3
170 2
130 3
270 2
180 4
200 4
240 4
220 2
180 2
140 3
220 3
190 4
280 2
210 4
250 4
150 2
190 2
230 2
200 4
230 3
220 4
160 2
290 2
200 2
260 4
240 2
210 4
240 3
170 2
230 4
210 2
300 2
270 4
220 4
250 2
180 2
250 3
240 4
220 2
280 3
260 2
230 4
190 2
230 2
250 4
260 3
290 3
240 4
200 2
270 2
240 2
250 4
270 3
260 4
300 3
210 2
10 2
280 3
250 2
20 1
280 3
30 3
270 4
40 3
260 4
220 2
50 4
280 4
260 3
290 2
60 4
290 4
70 3
290 4
270 4
230 2
80 3
270 3
90 3
300 2
300 4
240 2
100 2
300 4
280 4
10 2
280 3
110 2
20 2
30 2
250 2
40 2
120 2
50 3
290 4
60 3
290 3
130 2
70 3
260 2
80 3
140 2
300 4
300 3
90 3
10 2
10 4
20 2
20 2
100 3
150 2
270 2
30 2
10 11
30 2
20 3
110 3
40 2
40 2
30 1
50 2
50 2
40 1
160 2
120 3
50 1
60 2
60 2
280 2
60 1
130 3
70 2
70 2
170 2
70 2
80 2
140 3
80 2
80 2
150 3
180 2
290 2
90 2
90 2
90 2
160 3
100 2
100 2
100 1
10 13
10 4
190 2
20 4
110 2
110 3
20 4
110 2
300 2
30 5
170 3
30 4
40 4
120 2
120 2
120 3
40 4
200 2
50 7
50 4
130 2
60 8
130 2
180 3
130 3
60 4
70 9
210 2
70 4
140 2
140 1
140 3
80 9
80 4
190 3
150 2
220 2
150 3
150 1
90 9
90 4
160 2
100 4
200 3
100 9
160 3
160 1
230 2
110 4
110 9
170 2
10 2
170 3
20 2
210 3
170 1
120 4
120 10
30 3
240 2
180 2
180 2
40 3
130 4
180 1
130 10
50 3
220 3
190 2
60 3
190 2
250 2
140 4
140 11
190 1
70 3
200 2
150 4
230 3
200 2
80 3
150 9
260 2
200 1
90 3
160 4
210 2
210 3
160 8
100 3
240 3
270 2
210 1
170 4
110 3
220 2
170 10
220 2
120 3
180 4
250 3
220 1
280 3
180 9
230 2
230 3
130 3
190 4
230 2
190 10
260 3
290 3
140 3
240 2
240 3
200 4
150 3
200 11
240 2
250 4
250 2
300 3
270 3
210 4
160 3
210 12
250 2
260 4
260 2
170 3
220 4
220 12
280 3
270 4
180 3
260 2
270 2
230 4
230 13
280 4
290 3
190 3
240 12
240 4
270 4
280 2
10 3
290 4
20 6
200 3
300 3
30 5
250 4
250 12
280 3
40 4
290 2
210 3
50 4
300 4
60 4
260 4
260 13
220 3
290 3
70 3
300 2
80 3
270 4
90 3
230 3
270 13
300 4
100 3
10 7
280 4
20 7
240 3
110 3
30 8
280 13
40 9
10 2
120 3
50 9
20 3
290 4
30 3
250 3
60 8
40 3
290 13
130 3
50 3
70 6
10 2
60 3
20 2
80 6
260 3
30 2
300 4
70 2
140 3
40 2
90 6
80 2
10 3
50 2
300 14
20 3
100 7
90 3
60 2
30 3
150 3
270 3
110 6
70 2
40 3
100 3
50 4
80 2
160 4
120 6
110 3
60 5
90 2
280 3
130 7
70 5
170 3
100 2
120 3
80 5
140 6
110 2
180 4
130 3
90 5
290 3
120 2
150 6
10 4
100 5
140 3
20 5
190 4
30 5
110 5
130 2
160 6
40 5
150 3
10 4
50 5
120 5
20 3
300 3
140 2
60 5
200 3
30 3
170 6
160 2
130 5
150 2
70 5
40 1
80 5
50 1
210 4
160 2
170 3
140 5
180 7
90 5
60 1
70 1
170 2
100 5
150 5
180 3
220 3
190 7
80 1
110 5
180 2
160 5
190 2
90 1
230 3
120 5
190 2
200 7
130 5
100 1
170 5
200 2
10 3
240 3
140 5
200 2
110 1
20 2
210 7
30 2
180 5
210 2
40 2
120 1
150 5
210 2
50 2
250 3
190 5
130 2
220 7
60 2
160 5
220 2
70 2
140 2
220 2
200 5
170 5
80 2
260 3
230 7
150 2
90 2
230 2
180 5
210 5
230 2
100 2
160 3
240 7
270 3
190 5
110 2
220 5
240 2
240 2
170 2
120 2
200 5
250 7
230 5
280 3
250 3
130 2
180 2
250 2
210 5
140 2
260 7
240 5
190 3
290 3
260 3
150 2
220 5
260 2
200 4
250 5
270 7
160 2
270 2
230 5
300 3
270 2
210 4
170 2
260 5
280 7
240 5
280 3
180 2
220 2
280 2
270 5
250 5
190 2
290 3
290 7
230 3
260 5
290 2
200 2
280 5
300 3
240 3
300 7
10 4
210 2
270 5
20 4
290 5
30 4
300 2
40 4
250 3
220 2
50 4
280 5
60 4
300 5
70 4
260 3
230 2
80 4
290 5
90 4
10 2
270 3
20 1
240 2
10 3
30 2
100 4
20 3
40 3
30 3
280 3
110 4
300 5
40 3
10 3
50 3
20 3
250 3
50 3
120 4
60 3
30 3
60 3
40 3
70 3
130 4
290 3
70 3
50 3
80 3
10 2
140 4
60 3
80 3
260 3
20 1
90 3
30 1
70 3
90 3
150 4
300 4
40 1
100 3
80 4
50 1
270 3
100 3
160 4
60 1
110 3
90 3
70 1
10 6
110 3
100 3
120 4
170 4
20 6
80 2
280 3
30 6
110 3
120 3
40 6
90 1
130 4
180 4
120 3
50 5
100 1
60 5
130 3
140 3
290 3
130 3
110 1
70 5
190 4
80 5
120 3
150 3
140 3
140 3
90 5
130 3
10 1
200 4
150 3
20 3
160 3
300 3
150 3
100 6
30 3
140 2
160 3
40 3
210 4
110 6
170 4
50 3
160 3
150 3
60 3
170 3
120 6
220 4
70 3
180 3
170 3
160 3
130 6
80 3
230 4
180 3
90 3
170 3
180 3
140 6
190 4
240 4
100 3
190 3
190 3
150 6
110 3
180 3
250 4
200 4
10 6
200 3
20 4
120 3
200 3
160 6
30 4
190 3
40 4
130 3
210 3
260 4
210 3
50 4
170 6
210 3
140 3
60 4
200 3
220 3
220 4
70 4
270 4
180 5
150 3
80 4
220 3
210 3
160 3
230 3
190 5
90 4
230 4
280 4
220 3
100 4
170 3
230 3
200 5
240 3
110 4
240 4
180 3
290 4
230 3
120 4
240 3
210 6
250 3
190 3
250 4
130 4
300 4
240 3
220 6
200 3
250 3
260 3
140 4
260 4
210 3
150 4
250 3
230 6
270 3
260 3
160 4
220 3
270 4
240 5
260 3
280 3
230 3
170 4
270 3
240 3
280 4
250 5
180 4
10 4
290 3
270 3
20 3
30 2
190 4
280 3
40 3
250 3
260 5
50 2
290 4
300 3
280 3
60 2
200 4
260 3
70 2
270 5
290 3
80 3
300 4
210 4
290 5
90 2
270 3
280 5
220 4
100 2
300 3
300 5
280 3
110 2
230 4
290 5
120 2
10 2
20 2
240 4
290 3
130 2
30 2
40 2
300 5
10 5
140 2
50 2
20 4
250 4
30 4
300 3
60 2
40 4
150 2
70 2
260 4
10 4
50 4
20 3
80 2
10 2
60 4
30 4
160 2
20 3
90 2
40 4
30 2
70 4
40 2
270 4
50 4
50 2
100 2
80 4
170 2
60 3
60 2
70 3
110 2
90 4
70 2
280 4
180 3
80 3
10 3
120 2
80 2
100 4
20 3
90 3
90 2
30 3
190 2
130 2
10 2
110 4
40 3
100 3
290 4
20 2
100 1
50 3
30 2
140 2
120 4
40 2
110 3
60 3
110 1
200 2
50 2
70 3
120 1
120 4
60 2
130 4
150 2
300 5
80 3
70 2
130 2
210 2
130 3
80 3
90 3
160 2
140 4
90 3
140 2
100 3
140 3
150 4
170 2
100 3
150 1
220 4
110 3
150 3
110 3
160 1
160 4
120 3
180 2
120 3
230 3
170 1
160 4
130 3
170 4
190 2
130 3
180 1
170 4
10 4
140 3
180 4
20 2
240 5
140 3
200 2
30 1
190 2
150 3
180 4
40 1
150 3
190 4
50 1
210 3
160 3
250 4
200 1
60 1
190 4
160 3
70 1
200 4
170 3
220 3
210 1
80 1
200 4
170 3
260 3
90 1
180 3
210 5
220 2
230 3
100 1
180 3
210 4
190 3
270 4
110 1
220 5
230 2
190 3
240 3
220 4
120 1
200 3
230 5
130 2
200 3
280 4
240 3
230 4
210 3
250 3
140 1
240 5
210 3
250 3
220 3
290 2
150 3
240 4
260 3
220 3
250 5
160 3
260 3
230 3
250 4
300 3
270 3
170 3
230 3
260 5
240 3
270 3
260 4
180 3
280 2
240 3
250 3
270 5
190 3
280 2
270 4
200 3
250 3
290 2
260 3
280 5
290 2
210 3
280 4
270 3
10 3
20 4
260 3
220 3
290 5
300 2
30 4
300 2
40 3
50 4
290 4
280 3
230 3
60 4
270 3
300 5
70 4
240 3
80 4
290 3
300 4
90 4
280 3
250 3
100 4
300 4
110 4
10 4
10 6
20 3
20 5
290 3
260 3
30 3
30 5
120 4
40 3
40 5
50 3
50 5
60 3
130 4
300 3
60 5
10 4
270 2
70 3
20 4
70 4
80 3
30 4
140 4
280 2
80 4
40 4
90 5
10 3
50 4
20 3
90 4
100 4
150 4
60 4
30 3
70 4
100 4
40 3
110 4
80 4
160 4
50 3
290 2
110 4
90 4
120 4
10 2
60 3
20 2
130 3
30 2
100 4
120 4
170 4
70 3
40 2
130 5
110 4
140 4
300 3
80 3
50 2
180 4
60 2
90 3
140 5
120 4
150 4
70 2
10 2
190 4
100 3
160 5
80 2
20 2
130 4
150 5
30 2
90 2
110 3
40 2
140 4
170 5
200 4
100 2
160 5
50 2
120 3
150 4
60 2
110 2
180 5
210 4
170 5
130 3
120 2
70 2
160 4
190 6
130 2
80 2
140 3
180 5
10 4
220 4
170 4
90 2
20 4
140 2
30 4
150 3
200 5
100 2
40 4
190 5
180 4
150 2
230 4
50 4
110 2
160 3
60 4
210 5
200 4
120 2
190 4
160 2
170 3
70 4
240 4
130 2
80 4
200 4
170 2
220 5
210 5
180 3
140 2
90 4
250 4
180 2
210 4
100 4
220 5
190 3
150 2
230 6
110 4
260 4
190 2
160 2
220 4
200 3
230 5
120 4
240 5
170 2
200 2
270 4
210 3
230 4
130 4
240 5
180 2
250 5
140 4
210 2
220 3
240 4
280 4
190 2
250 6
150 4
220 2
230 3
260 5
250 4
200 2
290 4
160 4
260 6
230 2
240 3
210 2
260 4
170 4
270 6
300 4
270 7
250 3
220 2
240 2
180 4
270 4
280 6
230 2
280 7
260 3
190 4
250 2
280 4
240 2
290 6
290 4
200 4
270 3
290 7
260 2
250 2
300 6
210 4
10 5
300 4
300 7
280 3
270 2
20 4
30 3
40 3
50 3
260 3
220 4
60 3
290 3
70 3
280 2
80 3
90 3
270 3
230 4
100 3
300 3
110 3
290 2
120 3
280 3
240 4
130 3
10 3
10 6
10 3
20 5
20 2
20 5
140 3
30 4
30 2
30 2
300 2
40 4
250 4
40 3
290 3
40 2
150 3
50 3
50 3
50 3
60 3
160 3
60 3
60 2
170 4
70 3
70 3
260 4
70 3
80 3
300 3
80 3
180 4
90 4
80 3
10 4
20 4
90 3
100 4
30 4
190 4
90 3
40 4
270 4
100 3
50 4
110 4
200 4
100 3
60 4
110 3
120 4
110 3
70 4
210 4
10 4
130 4
80 4
120 3
20 5
280 5
120 3
30 4
90 4
140 4
220 4
40 5
130 3
130 4
100 4
50 4
10 1
150 4
60 4
290 6
140 3
230 4
20 1
110 4
140 4
30 1
70 4
160 4
120 4
40 1
150 3
80 4
50 2
240 4
150 3
300 6
130 4
90 4
170 4
60 2
160 3
70 2
100 4
140 4
250 4
160 3
170 3
180 4
80 2
110 4
150 4
170 3
90 3
260 5
180 3
120 4
190 4
160 4
100 2
130 4
180 3
190 3
270 5
200 4
110 3
170 5
140 4
200 3
120 2
190 3
280 5
180 5
210 4
150 4
10 9
130 2
20 8
210 3
30 8
200 3
190 5
40 7
140 2
160 4
220 4
50 8
290 5
220 3
60 8
210 3
200 4
150 2
170 4
70 9
230 4
80 10
230 4
220 3
160 2
210 4
180 4
90 10
300 5
240 4
170 1
100 10
190 4
240 4
220 4
230 3
250 4
110 10
180 2
200 4
120 8
230 4
240 3
250 4
260 4
130 8
210 4
190 2
240 4
140 8
250 3
260 4
270 5
220 4
250 4
200 1
150 7
260 3
10 1
280 5
230 4
20 2
160 7
270 4
30 2
210 1
260 5
40 2
270 3
50 2
170 7
240 4
290 5
60 2
220 1
280 4
270 5
180 7
70 2
280 3
250 4
80 2
300 5
230 1
190 7
90 2
290 4
280 5
100 2
260 4
290 3
200 7
240 1
110 2
290 5
300 4
210 7
270 4
120 2
300 3
250 1
300 5
130 3
220 7
280 4
140 2
10 5
230 7
20 6
260 1
30 6
150 2
40 5
290 4
240 7
50 5
160 2
270 1
60 5
10 5
70 5
250 7
20 5
300 4
30 5
10 3
170 3
80 5
20 4
40 5
280 1
10 2
30 4
50 5
90 5
260 7
20 3
40 4
30 3
60 5
180 3
100 5
50 4
40 3
70 5
60 4
50 3
290 1
110 5
270 7
80 5
190 2
70 3
60 3
90 5
120 5
70 4
80 3
200 2
100 5
90 3
80 4
280 7
300 1
130 5
90 4
100 3
110 5
10 4
210 3
20 4
140 5
100 4
30 4
110 3
120 5
40 4
110 4
220 3
150 5
50 4
120 3
120 4
130 5
290 7
60 4
160 5
230 3
130 3
70 4
130 4
140 5
170 5
80 4
140 5
240 3
140 3
90 4
150 5
300 7
180 5
100 4
150 5
150 3
160 5
110 4
190 5
250 3
160 5
10 3
160 3
20 2
170 5
120 4
30 2
170 5
200 5
40 2
130 4
170 3
180 5
260 3
50 2
60 2
180 5
210 5
140 4
70 2
180 3
190 5
80 2
190 5
10 5
150 4
270 3
90 2
20 5
220 5
190 3
200 5
30 3
100 2
40 3
160 4
200 4
50 3
110 2
230 5
200 3
60 4
210 5
280 3
170 4
70 3
120 2
210 4
80 4
240 5
220 5
210 3
130 2
180 4
90 4
290 3
140 2
100 4
220 4
250 5
190 4
230 5
220 3
110 4
150 2
120 4
230 4
200 4
300 3
160 2
260 5
240 5
230 3
130 3
170 2
210 4
140 5
240 5
250 5
270 5
240 3
180 2
150 5
220 4
250 3
280 5
250 4
160 6
260 5
190 2
200 2
230 4
260 3
170 6
290 5
260 6
270 5
10 9
210 2
20 4
180 5
240 4
30 3
270 3
300 5
40 3
220 2
190 5
50 3
270 6
280 5
250 4
60 3
200 5
230 2
280 3
70 3
80 3
260 4
290 5
280 6
240 2
210 5
90 3
290 3
100 3
250 2
220 5
110 3
270 4
300 5
290 6
120 3
300 3
10 4
230 5
260 2
130 3
20 4
280 4
30 4
300 6
40 5
140 3
240 5
270 2
50 4
60 4
290 4
150 3
250 5
70 4
280 2
80 4
160 3
10 5
300 4
90 4
20 1
260 5
30 1
170 3
100 4
10 5
290 2
40 1
20 6
30 5
40 6
50 1
180 3
110 4
10 3
270 5
50 6
300 3
60 1
20 1
30 1
120 4
60 6
70 1
40 1
190 3
50 1
70 6
130 4
80 1
60 1
280 6
80 5
70 1
90 2
140 4
200 3
80 1
90 5
100 2
150 4
10 3
90 1
290 6
100 5
20 3
30 3
110 2
210 3
100 1
160 4
40 3
110 5
120 2
50 3
300 7
110 1
10 3
120 5
60 2
20 3
130 2
120 1
170 4
220 3
30 3
70 2
130 5
40 3
130 2
140 2
180 4
80 2
50 3
140 5
60 3
90 2
140 2
230 3
150 1
70 3
190 4
150 5
100 2
80 3
150 2
200 4
160 1
90 3
160 3
110 2
160 5
240 3
210 4
100 3
170 1
120 2
170 3
170 5
10 2
110 3
20 2
130 2
250 3
220 4
30 2
180 1
180 3
40 3
180 5
120 3
50 2
140 2
230 4
190 3
60 2
190 1
130 3
260 3
190 5
150 2
70 2
80 2
140 3
200 3
200 1
200 5
240 4
160 2
90 2
270 3
150 3
100 2
210 3
210 5
170 2
210 1
250 4
110 2
160 3
280 3
220 3
180 2
120 2
220 5
220 1
260 4
170 3
130 2
290 3
190 2
230 3
230 5
140 2
230 1
180 3
270 4
200 2
150 2
240 3
240 5
300 3
190 3
240 1
160 2
210 2
280 4
250 3
250 5
170 2
200 3
250 1
220 2
180 2
290 4
260 3
260 5
210 3
190 2
230 2
260 1
220 3
270 5
200 2
300 4
270 3
240 2
10 1
270 1
210 2
20 1
230 3
280 5
30 1
40 1
280 3
250 2
50 1
220 2
280 1
60 1
240 3
290 5
70 1
260 2
230 2
80 1
290 3
290 1
250 3
90 1
270 2
300 5
10 1
240 2
100 1
20 2
300 1
30 1
260 3
110 1
40 1
300 3
50 1
250 2
120 1
280 2
60 1
130 1
70 1
270 3
260 2
80 1
290 2
140 1
90 1
150 1
100 1
270 2
280 3
10 3
110 1
300 2
20 3
160 1
10 3
120 1
30 3
20 3
40 3
170 1
280 2
30 3
10 5
50 2
20 2
40 3
130 1
60 2
290 3
30 1
50 3
180 1
290 2
70 2
40 1
60 3
140 1
50 1
80 2
70 3
300 2
190 1
60 1
90 2
150 1
80 3
300 4
70 1
100 2
90 3
200 1
160 1
80 1
110 2
100 3
170 1
90 1
110 3
120 2
210 1
10 4
20 4
180 1
100 1
30 4
120 3
130 2
40 4
220 1
130 3
50 4
110 1
190 1
140 2
60 4
140 3
120 1
200 1
70 4
10 6
230 1
150 2
130 2
20 6
150 3
10 1
30 6
80 4
20 1
40 6
140 1
160 2
30 1
210 1
160 3
90 4
240 1
40 1
50 6
50 1
150 2
100 4
60 5
170 2
60 1
170 3
220 2
70 5
110 4
250 1
160 2
70 1
180 2
80 5
80 1
180 3
120 4
170 2
90 5
90 1
230 2
190 2
260 1
130 4
100 1
190 3
100 5
180 2
140 4
200 2
110 1
110 5
240 2
270 1
200 3
190 2
120 1
150 4
120 5
210 2
130 1
200 3
250 1
160 4
210 3
130 5
280 1
140 1
220 2
140 5
170 4
210 3
220 3
150 1
260 1
290 1
230 2
150 5
180 4
220 3
160 1
230 3
160 5
240 2
300 1
270 2
170 1
190 4
230 3
180 1
240 3
170 5
200 4
250 2
280 2
190 1
240 4
180 5
250 3
210 4
260 2
200 1
290 2
250 4
190 5
220 4
260 3
270 2
210 1
230 4
300 2
200 5
10 2
260 4
20 2
30 2
280 2
270 3
220 1
40 2
240 4
50 2
210 5
60 2
270 4
230 1
290 2
70 2
280 3
250 4
220 5
80 2
90 2
280 4
240 1
300 2
100 2
110 2
290 3
230 5
260 4
250 2
120 3
10 4
20 4
270 4
290 4
30 3
130 2
40 3
240 5
300 3
260 2
50 3
140 2
60 3
300 4
280 4
70 4
150 3
250 5
80 4
270 2
90 4
160 2
10 4
290 4
20 4
100 5
170 3
30 4
260 5
280 2
40 4
110 4
50 4
180 3
60 3
120 5
300 5
70 3
10 2
290 2
190 3
80 3
20 2
270 5
130 5
30 2
90 3
40 2
140 4
10 5
200 3
50 2
100 3
20 5
30 5
60 2
280 5
150 5
300 2
110 3
40 5
70 2
210 3
50 5
120 3
160 5
80 2
60 5
290 5
70 5
220 3
130 3
90 2
170 5
80 5
100 2
140 3
90 5
180 5
230 3
300 5
110 2
10 3
100 5
150 3
20 2
120 2
30 2
190 5
110 5
240 3
40 3
160 3
120 5
130 2
10 2
50 3
20 2
250 3
200 5
30 2
60 3
130 5
140 2
170 3
40 2
70 3
50 2
140 5
210 5
80 3
150 2
60 2
260 3
180 3
90 3
70 2
150 6
160 2
220 5
100 3
270 3
80 2
10 3
160 6
190 3
20 2
170 2
110 3
90 2
30 3
230 5
40 3
170 6
100 2
120 4
280 3
50 3
200 3
180 2
60 3
110 3
180 6
130 4
70 3
240 5
190 2
80 3
210 3
120 2
290 3
140 4
190 6
90 3
250 5
130 2
100 3
150 4
200 2
220 3
200 6
300 3
110 3
140 2
160 4
210 6
210 2
260 5
120 3
150 3
230 3
170 4
130 3
220 6
220 2
160 3
270 5
140 3
180 4
240 3
170 3
230 6
150 3
230 2
190 4
280 5
180 3
160 3
250 3
240 6
170 3
200 4
240 2
10 5
190 3
20 6
290 5
30 4
260 3
180 3
210 4
40 6
250 6
250 2
200 3
50 5
60 5
190 3
300 5
270 3
220 5
260 6
70 4
260 2
210 3
80 4
200 3
230 5
280 3
90 5
270 6
210 3
220 3
270 2
100 4
240 6
110 5
290 3
220 3
280 2
230 3
280 6
120 5
230 3
250 6
130 5
300 3
10 3
290 2
240 3
20 3
290 6
30 3
140 5
240 3
40 3
260 6
50 3
150 5
250 3
60 3
300 2
300 6
70 3
250 3
160 5
270 5
80 3
90 3
260 3
170 5
100 3
260 3
280 5
110 3
180 5
10 13
20 12
120 3
270 3
30 12
270 3
40 11
190 5
130 3
290 6
50 10
140 3
60 10
10 3
200 5
280 3
20 2
150 3
10 1
280 3
70 10
20 1
30 3
30 1
40 3
300 6
80 10
40 1
210 5
50 3
160 3
90 10
50 1
60 3
290 3
60 1
100 9
70 3
290 3
170 3
70 1
220 5
80 3
110 10
180 3
80 1
90 3
90 1
100 3
120 10
300 3
230 5
300 3
190 4
100 1
110 3
130 9
110 1
120 2
140 10
200 4
240 5
10 3
120 1
20 3
130 2
30 3
130 2
150 9
40 3
210 5
140 3
50 2
250 5
140 1
160 9
60 2
150 3
150 1
70 3
260 5
220 5
170 10
160 1
80 3
160 2
10 2
10 9
20 1
20 8
90 3
180 10
30 2
30 7
170 2
230 5
170 2
40 2
40 8
270 5
100 3
50 8
50 3
190 10
180 2
110 3
60 7
60 2
180 2
240 5
70 7
70 2
120 3
200 10
190 2
280 4
80 8
80 3
190 2
130 3
90 8
210 10
90 3
250 5
200 1
100 10
140 3
200 2
100 3
290 4
110 9
220 10
210 2
150 3
110 3
260 5
120 10
210 2
120 2
160 3
130 9
230 10
220 2
300 4
220 2
130 2
140 10
270 4
170 3
230 2
240 10
150 10
140 2
230 2
240 2
180 3
160 10
280 4
150 3
250 10
250 3
170 9
190 3
240 2
160 3
180 9
260 10
260 2
290 4
170 3
200 3
250 2
190 10
10 4
20 4
180 3
30 4
270 10
270 3
210 3
200 9
40 4
300 6
260 2
50 4
190 3
220 3
210 10
280 10
60 4
280 4
70 4
270 2
200 3
230 3
220 10
80 4
290 10
290 4
90 4
240 4
210 3
280 2
230 10
100 4
300 10
250 5
220 3
110 4
300 3
290 2
240 10
10 2
20 2
120 4
230 3
30 2
260 5
250 10
130 4
40 3
300 2
50 3
140 4
60 3
240 3
260 10
270 5
70 3
150 4
80 3
270 10
250 3
10 4
160 4
20 4
90 2
280 5
30 4
10 1
280 10
100 2
20 0
40 3
30 0
260 3
170 4
50 3
290 5
110 2
40 1
60 4
50 1
10 2
290 10
120 2
20 2
180 4
70 4
60 1
30 2
270 3
70 1
80 4
40 2
300 5
130 2
50 2
190 4
80 1
90 4
60 2
300 11
90 0
140 2
200 3
70 2
100 4
280 3
80 2
100 0
110 3
150 2
90 2
210 4
110 0
120 4
100 2
290 3
160 2
120 1
130 4
110 2
220 4
120 2
140 4
170 2
130 2
130 1
230 3
10 0
300 3
150 4
20 2
140 2
30 1
180 3
10 2
140 1
20 2
40 1
160 4
30 2
50 2
240 3
150 2
190 3
40 2
150 1
60 3
50 2
170 4
70 3
160 2
60 2
200 3
160 1
80 2
70 2
250 3
180 4
170 2
210 3
80 2
90 2
170 1
190 4
180 2
100 1
260 3
90 2
180 1
10 5
110 1
20 5
220 3
100 2
190 2
200 4
30 4
190 1
270 3
120 2
40 5
110 2
50 5
200 2
210 4
230 3
130 2
120 2
200 1
60 5
280 3
70 4
210 2
130 2
140 2
210 1
220 4
80 5
240 4
140 2
150 2
90 4
220 2
290 3
220 2
100 5
230 4
150 2
160 1
250 4
110 4
230 2
230 2
300 3
160 2
170 1
120 4
240 3
260 4
130 4
170 2
240 2
180 1
240 1
140 5
250 4
180 2
270 3
190 2
250 2
150 4
250 1
260 2
190 2
260 4
160 4
280 3
200 2
200 3
260 1
210 1
270 2
170 5
10 1
290 3
270 4
20 2
210 3
30 2
220 2
40 2
180 4
270 1
280 3
50 2
220 3
60 2
280 4
300 3
190 4
230 2
70 2
290 4
280 1
80 2
230 3
90 2
200 4
290 4
240 2
100 2
300 4
290 1
240 3
210 4
110 1
250 2
300 4
120 1
250 3
300 1
220 4
130 1
10 5
260 2
20 3
260 4
140 1
30 3
40 3
230 4
150 1
50 3
270 5
270 2
60 3
10 3
160 1
70 3
20 0
240 4
30 0
80 3
170 1
280 5
280 1
10 4
40 0
20 3
90 3
10 2
50 1
30 3
20 4
180 1
100 3
40 3
60 1
30 4
250 4
50 3
40 3
70 1
290 1
110 3
290 5
50 3
60 3
190 1
80 1
60 3
70 3
120 3
260 4
90 1
70 4
80 3
200 2
130 3
80 3
300 2
90 3
100 1
300 5
140 3
90 3
100 3
210 2
110 1
270 4
100 3
150 3
110 3
120 1
110 3
220 2
120 4
160 3
130 2
120 3
280 4
130 4
170 3
130 3
140 2
230 2
140 5
140 3
180 3
240 2
290 4
150 5
150 3
150 3
10 4
10 3
20 3
20 2
190 3
160 5
30 3
160 4
30 3
160 3
40 4
250 2
40 3
50 5
170 5
300 4
50 2
200 3
170 3
170 2
60 5
60 2
260 1
70 5
180 5
70 2
180 2
80 4
210 3
180 2
80 2
90 5
190 5
270 3
90 2
100 5
190 2
190 2
220 3
100 2
200 5
110 5
200 2
280 3
110 2
120 5
210 5
200 3
230 3
120 2
130 4
290 3
220 5
210 2
10 2
210 3
130 2
20 2
140 4
240 3
30 3
40 3
220 2
150 4
140 2
230 5
50 3
300 3
220 3
60 3
250 3
70 3
160 5
150 2
230 2
80 3
240 6
230 3
260 3
160 2
170 5
90 3
240 2
100 3
170 2
180 5
110 3
250 6
240 3
270 3
120 3
190 5
250 2
180 2
130 3
250 3
200 5
190 3
140 3
10 2
260 6
20 3
280 3
260 2
30 3
150 3
40 4
210 4
200 3
260 3
50 3
160 3
60 3
270 2
270 6
290 3
70 3
220 5
210 2
170 3
80 4
270 4
90 4
280 2
280 6
180 3
230 5
220 2
100 4
300 3
110 4
190 2
280 4
290 6
290 2
230 2
240 5
120 4
200 2
130 4
240 2
290 4
210 3
140 4
250 5
300 2
300 6
150 3
250 2
220 3
260 5
160 3
300 4
230 3
10 3
260 4
170 3
20 3
30 3
270 5
40 3
180 4
240 3
50 3
270 5
60 3
190 4
10 3
280 5
20 3
70 3
250 3
30 3
80 3
40 3
10 4
200 4
50 2
20 4
280 5
290 5
90 3
30 3
60 2
10 3
260 3
20 3
40 3
70 2
210 4
100 3
30 3
50 3
80 2
40 4
60 3
290 5
110 3
50 4
300 5
90 2
270 3
70 3
120 3
60 4
220 4
80 3
100 2
70 4
90 3
130 3
300 4
110 2
80 4
280 3
100 3
230 3
120 2
140 3
90 4
110 3
130 2
100 4
150 3
120 3
290 3
240 3
140 2
110 4
130 3
160 3
150 2
120 4
170 3
300 3
10 1
140 3
20 1
250 3
30 1
130 4
160 2
40 1
150 3
180 3
10 4
50 1
140 4
20 4
170 2
190 3
60 1
30 4
160 3
260 4
70 1
40 4
150 4
50 4
80 1
170 3
180 2
200 3
60 4
90 1
160 4
180 3
70 4
270 4
190 2
100 1
80 4
210 3
190 3
170 4
90 5
10 2
110 1
200 2
20 2
280 3
30 2
100 5
200 4
120 1
220 3
180 4
40 2
210 2
110 5
50 2
130 1
60 2
210 4
120 4
190 4
70 2
230 3
290 3
220 2
140 1
80 2
130 4
220 4
200 4
90 2
150 1
140 4
230 2
240 3
100 2
300 3
160 1
230 4
150 4
210 3
110 2
240 2
250 3
120 2
160 4
170 1
240 3
220 3
250 2
130 2
170 4
180 1
260 3
140 2
230 3
260 2
250 4
180 4
190 1
270 2
150 3
240 3
190 3
260 4
270 3
280 2
160 3
200 1
10 14
20 13
250 3
200 3
170 2
30 3
270 4
40 3
290 2
210 1
280 3
50 3
210 3
180 2
260 3
60 2
280 4
220 1
70 2
190 2
300 2
220 3
290 3
80 2
230 4
270 3
230 1
200 2
90 2
290 4
100 2
240 4
300 3
280 3
210 2
110 2
240 1
300 4
120 2
220 2
250 4
290 3
250 1
130 2
10 6
230 2
260 4
140 2
20 5
30 5
300 3
40 5
260 1
150 2
240 2
50 5
270 4
60 5
10 6
70 5
20 8
160 2
270 1
250 2
30 5
80 5
10 2
20 2
40 7
280 4
280 1
170 2
30 2
90 5
50 6
40 2
260 2
60 6
50 2
100 5
70 7
180 2
60 2
290 3
110 5
290 1
80 6
70 3
270 3
90 6
10 3
80 3
20 1
120 5
190 2
100 6
90 3
30 1
300 3
40 1
300 1
100 2
130 5
280 3
110 6
50 1
200 2
60 1
120 6
110 2
140 5
70 1
290 3
130 6
120 3
210 3
80 1
150 5
140 6
90 1
130 3
100 1
160 5
220 3
150 6
140 3
110 1
300 3
160 6
120 1
170 5
150 3
230 4
10 0
10 3
160 3
170 6
180 5
130 1
20 1
20 3
30 3
30 1
170 3
240 3
40 3
40 1
180 6
140 2
50 1
190 5
50 4
180 3
60 1
60 4
150 2
250 4
190 6
70 1
200 5
70 4
190 3
80 1
80 4
160 1
200 6
10 6
210 5
90 1
20 4
90 5
260 3
200 4
30 4
100 1
170 1
100 4
40 2
210 6
50 3
220 5
110 1
210 3
110 5
60 2
180 2
270 3
220 6
120 1
70 2
120 5
220 3
230 5
80 2
190 2
130 1
130 5
230 6
90 2
280 3
140 1
230 4
140 4
200 2
100 2
240 5
240 6
150 1
110 2
150 4
240 5
290 4
210 2
160 1
250 5
120 3
250 5
160 4
250 5
220 3
170 1
130 3
170 4
300 4
260 5
260 5
260 5
140 3
180 1
180 4
230 2
150 2
190 4
270 5
190 1
270 5
270 5
240 2
160 2
200 1
200 4
280 5
280 5
280 5
210 2
170 3
250 1
210 4
290 5
220 2
10 3
290 5
180 2
290 5
220 4
20 3
30 3
260 2
40 3
230 2
50 3
300 4
190 4
230 4
60 3
300 5
300 5
70 3
270 1
200 3
240 2
80 4
240 4
90 4
280 1
210 4
100 4
250 2
110 4
250 5
220 4
120 4
260 3
290 1
10 1
20 1
230 4
30 1
130 4
260 5
270 3
40 2
10 3
10 3
20 2
20 3
50 1
140 4
300 1
30 2
30 3
240 4
60 2
40 2
40 3
50 2
270 5
150 4
280 2
70 2
50 3
60 2
80 2
60 3
70 2
250 4
160 4
90 2
70 3
80 2
280 5
290 2
100 2
170 4
80 3
90 2
110 2
260 4
90 3
100 2
300 2
180 4
110 2
120 1
100 3
290 4
10 2
270 4
120 2
110 3
130 2
190 4
20 0
30 1
130 2
120 3
140 2
40 2
200 4
50 2
300 4
140 2
130 3
280 5
150 2
60 2
70 2
210 4
150 2
160 2
140 3
80 2
160 2
290 5
90 2
150 3
170 2
10 4
220 4
20 2
170 2
100 2
30 2
160 3
40 2
180 2
110 2
50 2
180 2
300 4
230 4
120 2
60 2
170 3
190 1
70 2
130 2
190 2
180 3
10 3
80 2
20 3
240 4
200 2
90 2
140 2
30 3
190 3
40 3
200 2
150 3
100 2
50 3
110 2
210 1
60 3
250 4
210 2
200 3
160 3
70 3
120 2
220 1
80 3
170 3
260 4
210 3
220 2
130 2
90 3
10 2
20 3
180 3
230 1
30 4
100 3
140 2
40 4
230 2
220 3
50 4
110 3
190 3
270 4
150 2
60 4
240 1
70 4
120 3
240 2
160 2
230 3
80 4
200 3
130 3
280 4
90 4
250 1
170 2
250 2
100 4
210 3
140 3
240 3
110 4
180 2
150 3
290 4
220 2
260 1
120 4
260 2
250 3
190 2
160 3
130 4
230 3
270 2
140 4
270 1
300 4
170 3
200 2
260 3
150 4
280 0
210 2
240 3
180 3
160 4
280 2
270 3
220 2
170 4
190 3
250 3
290 0
290 2
230 2
180 4
200 3
280 3
240 2
300 0
260 2
300 2
190 4
10 2
210 4
20 2
30 2
270 2
200 4
290 3
40 2
250 2
50 2
220 4
210 4
60 2
280 2
70 2
300 3
80 2
260 2
230 4
220 4
90 3
290 2
100 3
230 4
270 2
110 3
10 0
240 4
10 0
20 0
20 0
30 1
120 2
30 0
300 2
40 0
240 4
40 1
250 4
130 2
50 1
280 3
50 1
60 0
60 1
70 0
140 2
250 4
70 1
260 4
80 0
150 2
10 2
80 3
290 3
20 4
90 0
30 2
90 3
260 4
160 2
100 0
40 3
300 3
270 4
100 3
50 2
110 0
170 2
110 3
60 2
270 4
120 0
10 4
120 3
280 4
70 2
20 4
180 2
30 4
130 0
80 2
130 3
40 4
280 4
190 4
50 4
140 0
90 2
140 3
290 4
60 4
100 3
200 4
290 4
150 0
150 3
70 4
110 3
80 4
210 4
160 2
10 1
160 0
300 4
20 1
120 2
90 4
30 1
300 4
170 2
40 1
100 4
220 3
50 1
170 0
130 2
110 4
60 1
180 3
120 4
70 1
140 2
180 0
230 5
80 1
190 3
130 4
150 2
190 0
90 1
240 4
140 4
100 1
200 3
160 2
200 0
110 3
10 3
150 4
10 4
210 3
20 3
20 4
120 3
250 4
30 2
170 2
30 4
210 0
40 2
160 4
40 4
50 2
130 2
220 3
50 4
60 2
180 3
60 4
220 0
170 4
260 4
70 2
140 2
70 4
230 3
80 2
80 4
190 3
180 4
150 2
230 0
90 2
90 4
270 4
100 2
100 4
240 3
160 3
200 3
190 4
240 0
110 2
110 4
170 3
120 2
120 4
250 3
200 4
210 3
280 4
250 0
130 2
130 4
180 3
210 4
260 3
140 2
220 3
140 4
290 4
190 4
260 0
150 4
150 2
220 4
270 3
230 3
200 3
160 4
160 2
270 0
300 4
230 4
170 4
170 2
280 3
210 4
240 4
280 1
180 4
180 2
240 4
220 4
290 3
250 4
290 1
190 4
190 2
250 4
230 4
200 2
200 4
300 2
260 3
300 4
260 4
210 4
210 4
240 4
10 5
20 1
220 4
30 2
270 4
270 4
220 4
40 2
250 4
50 2
230 4
60 2
280 4
230 4
70 2
280 4
240 4
260 4
80 2
10 6
240 4
20 4
90 2
290 5
10 3
30 3
250 4
20 2
290 4
40 3
30 2
100 2
270 4
50 3
40 2
250 5
60 3
50 2
110 2
260 4
300 5
70 3
60 2
120 2
70 2
300 4
80 3
280 4
260 5
80 2
90 4
130 2
270 4
90 2
100 4
290 4
140 2
100 2
270 5
110 4
110 2
280 4
120 4
150 2
120 2
280 5
130 4
300 4
290 4
160 2
130 2
140 4
10 3
290 5
20 2
10 2
140 2
170 2
30 3
150 4
20 2
300 4
40 2
30 3
150 2
40 2
50 3
160 4
180 2
300 5
50 2
60 3
160 2
60 2
170 4
70 3
190 2
70 2
170 2
80 3
80 2
180 5
90 2
10 3
200 2
90 2
20 3
180 2
100 2
190 5
100 2
30 3
40 2
110 2
210 2
110 2
190 2
50 2
200 5
120 2
60 2
120 2
220 2
210 5
200 2
10 2
70 2
20 2
130 2
130 2
30 1
10 2
80 2
20 2
40 2
230 2
210 2
140 2
140 2
220 6
30 2
90 3
50 2
40 1
60 2
100 3
150 2
50 2
150 2
70 3
240 2
220 2
60 2
110 3
230 7
80 2
160 2
160 2
70 1
90 2
120 3
230 2
250 2
80 1
170 2
100 2
170 3
240 7
130 3
90 1
110 3
180 2
240 2
260 2
100 2
180 2
140 3
120 3
250 6
190 3
110 2
150 3
130 4
190 3
250 2
270 3
120 2
140 4
200 2
160 3
260 6
200 4
130 2
150 4
260 2
170 3
280 3
210 2
140 2
160 4
210 5
270 6
180 3
270 2
220 2
150 2
170 4
290 3
220 6
190 3
160 2
180 4
230 2
280 6
280 2
300 3
230 5
200 3
170 2
190 4
240 2
240 5
290 2
290 6
210 3
180 2
200 4
250 2
250 6
190 2
210 4
220 3
300 2
300 6
200 2
260 2
220 4
260 5
230 3
10 2
210 2
270 2
20 0
230 4
30 3
240 3
270 5
40 2
50 2
280 2
220 2
240 4
60 3
250 3
70 2
230 2
290 3
80 2
280 5
260 3
10 2
90 2
250 4
10 4
20 2
20 5
30 2
100 2
240 2
30 5
300 4
40 2
40 5
290 5
110 3
270 3
50 2
50 5
260 4
60 2
120 2
60 5
70 2
250 2
270 4
70 4
130 2
300 6
80 2
280 3
80 4
90 2
90 4
140 3
260 3
280 4
100 4
100 2
150 2
290 3
110 4
110 2
120 4
270 5
160 3
10 4
120 2
290 4
20 3
130 4
30 2
130 2
170 4
300 3
40 2
50 2
140 4
280 5
140 2
60 2
180 4
300 4
150 3
10 3
70 2
150 4
20 3
30 3
80 2
160 3
40 3
290 5
190 5
160 4
90 2
50 3
100 2
60 4
170 3
200 4
170 4
70 4
110 2
300 6
80 4
180 3
120 2
90 4
180 4
210 4
10 2
190 3
100 4
130 2
20 3
190 4
30 3
220 5
110 4
40 3
10 5
140 2
200 4
20 5
50 3
200 4
30 5
60 3
120 4
150 2
40 5
230 4
70 3
50 4
210 3
130 4
210 4
80 3
60 4
160 2
70 4
240 4
90 3
10 5
140 4
220 3
220 4
20 6
80 4
170 2
30 6
100 3
90 4
40 6
150 4
250 4
50 6
110 3
180 2
230 3
100 4
230 4
60 6
160 4
120 4
110 4
70 6
190 2
260 6
240 3
80 6
240 4
120 4
170 4
130 3
90 6
200 2
130 4
140 3
180 4
100 5
250 3
270 6
250 4
140 4
110 5
210 2
150 4
190 4
150 4
120 5
260 3
260 4
160 4
280 6
220 2
130 5
160 4
200 4
170 4
140 5
270 3
270 4
230 2
170 4
290 7
210 4
180 4
150 5
180 4
240 2
280 3
280 4
220 4
160 5
300 7
190 5
190 4
170 5
250 2
230 4
290 3
200 5
180 5
200 5
290 4
260 2
240 4
190 5
210 5
210 5
300 3
300 4
200 5
270 2
220 5
250 4
220 5
210 5
10 3
230 5
260 4
230 5
20 3
280 2
30 3
40 3
220 5
50 3
60 3
240 5
240 5
270 4
70 3
290 2
10 5
80 3
230 5
20 3
30 2
250 5
90 3
10 4
250 4
40 2
280 4
20 5
300 2
50 2
30 5
100 3
240 5
40 5
60 2
260 5
110 3
50 5
260 4
70 2
60 5
290 4
80 3
120 3
70 5
250 5
270 5
270 5
90 3
80 5
130 3
100 3
90 5
300 4
140 3
110 3
260 5
280 5
100 5
280 5
120 3
150 3
110 5
10 9
130 3
270 5
20 1
160 3
120 5
30 2
290 5
290 4
140 3
40 2
130 5
170 3
50 2
150 4
60 2
280 5
140 5
180 3
300 5
70 2
300 4
160 3
150 5
190 3
80 2
10 2
20 3
170 4
290 5
30 2
160 5
90 1
40 3
200 3
100 2
50 4
170 6
180 3
60 4
110 2
210 3
70 4
180 6
300 5
190 3
80 3
120 3
190 6
220 3
10 3
90 3
200 3
20 3
130 3
30 3
10 5
100 4
230 3
20 4
40 3
210 3
200 7
140 3
50 4
30 3
110 3
40 2
60 3
220 3
50 2
70 3
240 3
150 2
210 7
120 3
60 1
80 3
160 3
70 1
230 3
90 4
130 4
250 3
80 1
220 7
100 4
170 3
10 3
20 3
140 3
90 1
240 3
110 4
30 3
180 3
230 6
100 1
260 3
40 3
120 3
150 3
50 3
110 1
250 4
130 3
190 4
60 3
160 3
240 6
120 1
70 3
140 3
270 3
200 4
80 3
260 4
170 4
130 1
150 4
250 6
90 3
210 3
140 1
180 3
160 3
280 3
100 3
270 4
260 6
150 1
110 3
220 5
170 3
190 4
120 3
160 1
280 4
290 3
180 3
230 5
270 6
200 4
130 3
170 2
190 3
290 4
140 3
240 5
210 4
280 6
180 2
300 3
200 3
150 3
250 5
220 4
300 4
190 3
210 3
290 6
160 3
260 5
200 3
230 4
220 3
170 3
300 6
270 5
210 3
230 3
240 4
180 3
10 3
220 3
280 4
190 3
20 2
240 4
250 4
30 2
10 4
40 2
20 2
200 3
30 3
50 2
250 4
230 3
290 4
40 2
260 3
60 2
50 2
210 3
70 2
60 2
260 4
240 3
10 3
80 2
70 2
20 4
270 3
300 4
30 4
220 3
90 2
80 2
40 4
270 4
90 2
50 4
100 2
250 3
280 4
60 4
100 2
110 2
230 4
70 4
110 2
80 4
280 4
120 2
260 3
90 4
290 4
120 2
240 3
130 2
100 4
130 2
110 4
140 2
270 3
290 3
300 3
120 4
10 2
150 2
140 2
250 4
20 2
30 2
130 4
40 2
160 2
280 3
150 3
300 3
50 2
140 4
60 2
260 4
170 2
160 3
70 2
150 4
80 2
290 3
180 2
160 4
170 3
270 4
90 2
100 2
170 4
190 3
180 3
280 4
10 2
20 2
110 2
300 3
30 2
180 4
40 2
200 2
120 2
190 3
290 4
50 2
190 4
10 2
130 2
60 2
20 2
70 2
210 2
200 3
30 2
140 2
200 4
80 2
40 2
300 4
50 4
220 2
90 2
210 3
150 2
60 4
210 4
100 2
70 4
160 2
230 2
110 2
220 3
80 4
10 4
170 2
220 4
90 4
20 4
120 2
30 3
240 2
100 4
230 4
40 3
180 2
130 2
230 4
50 4
110 4
60 4
250 3
140 3
190 3
240 4
120 4
10 6
70 4
240 5
20 4
30 3
150 3
80 4
130 4
200 3
40 4
260 3
250 4
90 4
50 4
250 5
140 4
160 3
60 4
100 4
210 3
70 5
150 4
270 3
260 4
170 3
110 4
80 5
260 5
220 3
160 4
90 6
120 4
180 3
100 6
280 3
270 4
170 5
130 4
270 5
230 3
110 5
190 4
140 4
180 5
120 6
280 4
290 3
240 3
280 5
200 4
150 4
130 7
190 5
140 7
160 4
290 4
250 3
210 4
300 3
200 5
150 7
290 5
170 4
160 7
210 5
300 3
220 4
260 3
180 4
300 5
170 7
220 5
230 4
270 3
190 4
180 7
230 5
190 7
200 4
240 4
280 3
10 4
20 4
240 5
200 7
210 4
30 3
290 3
40 4
250 3
50 4
10 1
250 5
20 1
60 4
220 4
210 7
30 1
10 1
70 4
40 1
20 1
260 3
50 1
30 2
300 3
260 5
80 4
40 2
220 7
60 2
230 4
50 2
70 2
90 4
230 7
60 2
80 2
270 5
270 3
100 4
70 3
240 4
90 3
80 3
110 4
240 7
100 2
90 3
120 4
280 5
280 4
110 4
250 4
100 3
250 7
130 4
110 3
120 4
120 3
140 4
290 5
260 7
130 3
260 4
290 4
10 4
20 4
130 3
150 4
30 4
140 3
40 4
270 7
140 3
300 5
50 4
270 4
150 3
300 4
160 4
150 3
60 4
70 4
160 2
160 3
170 4
280 7
280 4
80 4
170 3
170 3
180 4
90 4
290 4
290 7
100 4
180 3
180 2
190 4
110 4
190 3
190 3
300 7
300 4
200 4
10 5
120 4
20 4
10 2
30 4
200 3
40 4
130 4
20 3
200 3
30 3
210 4
50 4
40 3
60 5
140 4
210 3
50 3
70 5
210 3
60 3
80 4
220 4
150 4
70 3
90 4
80 3
220 3
100 5
160 4
90 3
110 4
100 3
230 4
220 3
120 4
110 3
170 4
10 4
230 3
10 5
20 4
20 5
130 4
240 4
120 3
30 4
30 5
230 3
40 4
40 5
180 4
140 5
50 4
240 3
130 3
50 5
60 4
250 4
60 5
150 5
190 4
70 4
140 3
240 3
70 5
250 2
80 4
160 5
80 5
150 3
260 4
90 4
200 4
90 6
170 6
100 4
250 4
260 2
160 3
100 5
110 4
270 4
180 5
210 4
110 6
170 3
120 4
270 2
260 4
120 6
190 5
130 4
220 3
280 4
180 3
130 6
200 5
140 4
280 2
270 4
140 6
190 3
230 3
150 4
290 4
210 5
150 6
160 4
200 3
290 2
220 5
240 3
280 5
300 4
160 6
170 4
210 3
230 5
170 6
180 4
300 2
250 3
290 4
180 6
220 3
190 4
240 5
190 6
260 4
200 4
230 3
200 6
250 5
300 4
240 3
210 4
210 6
10 3
270 4
20 3
260 5
30 3
220 4
250 3
40 3
220 6
50 3
280 4
270 5
60 3
230 4
260 3
70 3
230 6
80 3
280 5
240 4
290 4
90 3
240 6
270 3
100 3
250 4
290 5
110 3
250 6
300 4
280 3
260 4
300 5
120 3
260 6
130 3
270 4
290 3
140 3
270 6
150 3
280 4
300 3
160 3
280 6
170 3
10 1
290 4
20 2
10 5
30 1
20 4
290 6
40 2
30 4
180 3
50 2
40 3
300 4
60 2
50 4
190 3
60 4
70 2
300 6
70 4
80 2
80 4
90 4
90 2
200 3
100 4
100 2
110 4
210 3
110 3
120 4
220 3
120 3
130 4
130 3
10 2
230 3
140 4
20 2
30 2
140 3
40 2
150 4
50 2
240 3
150 3
60 1
160 4
70 1
160 5
250 3
80 1
170 4
90 1
170 5
180 4
100 1
260 3
180 5
110 2
190 4
120 2
190 5
270 3
200 4
130 2
200 5
140 2
280 3
210 4
210 5
150 1
220 4
290 3
160 1
220 5
230 4
170 1
300 3
230 5
240 4
180 1
240 5
190 1
250 4
200 2
250 5
260 4
210 2
260 5
270 4
220 2
270 4
280 4
230 2
280 4
290 4
240 1
290 4
300 4
250 1
260 1
300 4
270 1
280 1
290 1
300 1
