500 0.00788498 0.7332301 1.060831 0.359854 500 3.322683
500 0.005722046 0.794868 2.152178 0.329402 500 3.178894
500 0.00769496 0.669457 0.70034 0.2077060 500 2.645369
1000 0.01397681 2.047757 2.08528 0.685544 1000 4.843855
1000 0.01323891 1.772971 2.257049 0.5137682 1000 4.627815
1000 0.01124787 1.494417 1.242087 0.4802711 1000 3.816004
1500 0.02230787 3.176094 1.664219 0.9160728 1500 6.100947
1500 0.01906300 2.570429 1.704853 0.818805 1500 5.856735
1500 0.01742387 2.606992 1.623698 0.9022129 1500 7.081236
2000 0.02476501 3.256943 3.269536 1.253783 2000 8.257198
2000 0.02562809 3.782296 2.263555 0.964415 2000 7.735896
2000 0.02006197 3.18699 2.712955 0.946757 2000 8.412219
2500 0.03571892 4.434802 3.848129 1.702068 2500 10.33728
2500 0.02726889 3.910915 4.469929 1.341044 2500 10.00895
2500 0.03575206 4.129894 3.453963 1.567072 2500 10.13605
3000 0.03381705 5.169375 3.866182 1.770725 3000 10.81978
3000 0.03405190 5.380467 5.437491 1.930258 3000 11.73948
3000 0.03537893 5.487595 3.674241 1.989218 3000 11.86138
3500 0.05426693 5.740813 4.057713 2.176647 3500 14.33863
3500 0.04177213 5.560811 4.147917 2.424102 3500 13.40206
3500 0.04863811 7.289513 5.345265 2.209506 3500 13.52186
4000 0.04894614 7.887655 5.551586 2.500212 4000 15.18121
4000 0.05488491 6.462702 4.704949 2.799755 4000 15.53424
4000 0.04961801 7.641797 4.806989 2.675485 4000 15.83347
4500 0.08105898 7.208941 5.474591 3.131722 4500 17.40877
4500 0.06015587 8.265414 4.591831 3.290454 4500 18.21926
4500 0.0819819 8.217616 7.710653 3.168043 4500 16.70101
5000 0.06038713 10.03123 4.949455 3.091408 5000 20.22418
5000 0.0860641 9.67503 6.304778 2.926375 5000 16.97798
5000 0.08528018 8.158379 6.715503 2.739551 5000 15.73046
5500 0.08452201 8.635862 6.415159 4.254054 5500 23.18267
5500 0.08592892 10.32228 6.231736 4.241072 5500 22.29998
5500 0.1200600 10.06127 8.758951 4.042934 5500 21.15285
6000 0.08606505 10.93182 6.990491 3.59669 6000 21.27624
6000 0.07074499 10.65903 10.27444 4.127354 6000 21.18488
6000 0.06786299 9.340914 9.449986 3.001863 6000 19.68545
6500 0.06145716 12.12812 6.42566 3.261304 6500 21.23703
6500 0.09509587 9.122425 6.939425 4.581972 6500 23.24690
6500 0.1077261 11.10298 8.178633 3.770712 6500 21.00656
7000 0.07878089 12.44873 11.93286 4.79481 7000 25.10701
7000 0.09539199 11.44709 9.392318 3.802549 7000 29.38763
7000 0.1105061 12.77847 11.19242 4.309056 7000 24.70567
7500 0.123744 13.48691 7.712595 5.081255 7500 30.27794
7500 0.1368220 14.85970 11.24474 5.728652 7500 27.34804
7500 0.1224830 13.29925 7.405938 3.935619 7500 33.41102
8000 0.1285470 15.01391 10.62390 4.986453 8000 28.97382
8000 0.1227541 12.89308 12.37668 4.865872 8000 24.53478
8000 0.08649087 12.57875 15.03616 5.971817 8000 29.13993
8500 0.175107 15.05797 8.348717 6.169785 8500 33.05462
8500 0.166749 17.20185 9.55852 6.121396 8500 32.84862
8500 0.1629550 14.51305 10.63735 5.633614 8500 33.08644
9000 0.08531594 17.62228 10.66875 5.949614 9000 35.09822
9000 0.1439688 15.75794 8.816113 5.317254 9000 37.34574
9000 0.1083300 15.39792 10.04985 5.727161 9000 32.81675
9500 0.1430612 17.69005 10.90110 6.473629 9500 34.63412
9500 0.1392260 17.04667 17.88496 6.286826 9500 35.99927
9500 0.1940489 17.05551 11.69749 5.707529 9500 35.03584
10000 0.1919510 21.15534 12.31192 7.503256 10000 40.14508
10000 0.1705248 21.00851 9.939816 7.336868 10000 40.04103
10000 0.2056701 20.57892 12.72866 8.0231 10000 40.60278
10500 0.1685569 19.71068 13.75346 6.90897 10500 35.79211
10500 0.1586552 16.5984 16.97862 6.313099 10500 39.39387
10500 0.1588261 16.04833 14.71686 9.988206 10500 40.50441
11000 0.1390059 19.7535 17.12075 7.420731 11000 41.0087
11000 0.1101911 20.47410 15.11922 7.536197 11000 39.76108
11000 0.1352489 19.23339 15.07688 7.968153 11000 38.43244
11500 0.1885021 20.22144 17.86444 7.426 11500 38.06648
11500 0.2336450 17.72801 18.76449 8.198629 11500 41.32439
11500 0.188658 18.44542 13.23061 8.107957 11500 37.79239
12000 0.2075331 18.7779 12.64042 9.453308 12000 50.33084
12000 0.2041821 20.49232 15.38296 8.222978 12000 49.88764
12000 0.1741791 18.64571 12.69443 8.361673 12000 41.64885
12500 0.2506881 25.39207 12.17433 8.426728 12500 44.04538
12500 0.1494830 19.86532 15.26688 9.852948 12500 49.45873
12500 0.1457691 21.45919 14.36185 7.09617 12500 45.37117
13000 0.1643682 18.91531 18.19473 6.368737 13000 42.25875
13000 0.1354899 18.17075 13.2319 9.504473 13000 51.0121
13000 0.1998701 22.25090 18.06942 8.135643 13000 51.82027
13500 0.1907239 27.64571 16.04388 11.29312 13500 56.25464
13500 0.2853911 24.86065 23.01854 10.02013 13500 48.38407
13500 0.2731919 23.62094 13.55825 9.943877 13500 49.2826
14000 0.2397749 24.54949 19.62517 11.43654 14000 49.62557
14000 0.1706171 21.98931 14.71783 8.066027 14000 53.95627
14000 0.2566631 24.25391 15.57205 10.51828 14000 53.41484
14500 0.2752559 24.19328 18.90747 10.81950 14500 1.05655
14500 0.1822908 27.33904 19.1555 9.673314 14500 51.39244
14500 0.2518110 23.42071 15.89909 9.155914 14500 50.76676
15000 0.2389789 22.02931 21.34477 10.37441 15000 53.24913
15000 0.2739441 22.45798 14.33342 8.598245 15000 53.54716
15000 0.1840091 25.03857 20.79812 10.04582 15000 1.015846
15500 0.3131561 23.42999 21.60254 11.41309 15500 59.85858
15500 0.1908391 24.79052 21.96372 13.95075 15500 59.45485
15500 0.326354 25.12261 18.67116 9.97054 15500 50.34833
16000 0.1851029 25.44627 20.45077 12.87831 16000 1.155608
16000 0.2569702 29.95762 16.11407 12.19904 16000 1.113820
16000 0.2539210 28.07208 17.48873 12.47085 16000 1.082913
16500 0.2685368 32.57247 20.87259 13.44450 16500 1.046271
16500 0.2854152 26.8235 19.08711 11.55367 16500 1.176616
16500 0.2450631 27.65510 17.72907 13.47533 16500 1.006174
17000 0.1917009 30.23631 24.68002 11.69690 17000 1.003116
17000 0.2663949 29.37165 22.34705 11.77983 17000 1.039559
17000 0.3237462 26.29528 18.1387 15.64839 17000 1.180693
17500 0.3969331 30.8437 20.60302 11.50683 17500 1.048261
17500 0.247617 30.2551 17.59111 15.17202 17500 1.210735
17500 0.3575451 31.25398 20.40456 13.74417 17500 1.094082
18000 0.2006230 29.77192 24.4764 13.97471 18000 1.1803
18000 0.1943071 32.00049 19.77438 10.64196 18000 1.190973
18000 0.3494020 30.22939 26.36965 13.10713 18000 1.061777
18500 0.255002 32.49225 20.70656 11.11603 18500 1.093031
18500 0.2252309 31.2897 22.01146 13.20506 18500 1.25133
18500 0.3910649 36.60005 25.48855 13.49017 18500 1.25328
19000 0.313457 33.07548 29.38865 15.30619 19000 1.122662
19000 0.2222128 32.50667 19.36344 11.80307 19000 1.254714
19000 0.473537 37.90340 20.51102 15.31441 19000 1.146930
19500 0.2716899 34.97649 21.97494 18.99029 19500 1.294148
19500 0.320106 38.84176 21.07365 13.63866 19500 1.220926
19500 0.3481729 30.64635 22.37583 11.61319 19500 1.239973
20000 0.328114 40.19163 22.76918 12.12806 20000 1.366347
20000 0.386976 38.93012 22.81277 18.78020 20000 1.576758
20000 0.4636171 40.40135 23.30083 12.76420 20000 1.132512
