10 10
20 10
30 11
40 11
50 11
10 9
10 9
60 11
20 9
20 9
30 9
30 9
70 11
40 8
40 10
80 11
10 8
50 7
50 7
20 9
90 10
60 6
10 10
60 8
30 9
20 10
10 7
70 6
100 10
70 6
40 8
30 10
20 5
30 6
50 8
40 9
80 6
80 7
110 11
50 10
40 7
10 8
90 5
60 8
90 7
60 11
20 6
50 7
100 7
30 6
120 10
70 8
70 10
100 7
60 6
40 6
110 7
80 9
80 11
50 6
130 11
110 8
70 6
10 8
60 6
120 7
20 8
90 9
90 10
80 6
30 8
120 7
140 11
70 6
100 8
40 8
130 6
100 10
90 6
80 5
50 7
130 7
150 10
110 8
110 10
140 6
100 6
60 7
90 5
140 8
70 8
120 8
160 10
120 10
110 7
100 5
150 5
80 7
130 7
130 10
150 7
120 6
170 10
110 5
90 6
160 5
140 7
140 10
120 5
130 7
100 7
160 7
180 11
170 4
110 6
150 6
130 4
150 9
140 7
170 7
190 11
180 4
120 6
140 4
160 6
160 10
150 6
180 7
130 6
200 11
190 4
150 4
170 6
170 9
160 7
140 6
190 6
200 5
210 11
160 5
180 6
180 10
170 8
150 5
200 6
210 4
170 5
220 11
190 7
190 10
180 8
160 6
210 6
180 6
220 4
230 11
200 7
200 10
170 6
190 8
190 6
220 5
230 4
180 5
210 7
240 11
210 10
200 8
200 6
190 6
230 5
240 4
220 7
220 10
210 8
250 11
210 6
200 6
250 4
240 6
230 6
230 10
220 9
260 11
220 6
210 6
260 5
240 6
240 10
250 6
230 8
270 11
220 6
230 6
270 6
250 6
250 10
260 6
240 8
280 11
230 6
240 6
280 6
260 6
260 10
270 6
250 8
290 11
240 6
250 6
290 6
270 7
270 9
260 6
280 6
250 6
300 11
260 6
280 7
280 10
300 6
270 7
260 6
290 7
270 6
290 7
290 9
270 6
280 7
300 8
280 6
300 7
300 9
280 6
290 6
290 6
290 6
300 6
300 6
300 6
10 9
20 9
30 7
10 9
40 9
20 11
50 8
30 9
40 8
60 8
50 6
70 8
60 6
80 8
10 8
70 8
20 8
30 7
90 8
80 8
40 8
90 7
100 8
50 11
60 8
10 8
100 8
110 7
10 6
20 8
70 8
20 9
30 9
110 8
30 9
80 8
120 7
40 8
40 9
50 10
90 9
50 7
120 8
130 8
60 7
60 7
70 9
100 7
130 8
70 9
140 9
80 8
110 8
80 8
10 6
140 9
20 11
150 8
90 8
30 7
120 9
90 9
10 8
20 5
40 7
150 8
100 7
160 8
100 8
30 7
50 7
130 9
40 7
110 8
60 6
110 10
50 8
160 8
170 7
140 9
60 6
70 5
120 8
120 10
70 8
170 7
80 6
180 7
130 9
150 9
80 8
10 3
90 7
130 10
20 7
180 8
30 8
90 9
100 6
140 8
160 10
190 7
40 6
140 10
100 9
50 5
110 7
190 8
150 9
60 5
170 8
150 10
110 8
200 7
120 7
70 5
160 9
200 9
80 6
120 8
180 7
160 10
130 7
90 5
210 7
130 8
170 9
140 7
210 9
170 9
100 5
190 7
140 8
110 5
150 7
220 8
180 10
180 9
220 7
200 7
120 3
150 9
160 7
190 10
230 7
190 9
130 2
230 11
210 7
160 9
170 7
140 2
200 9
200 9
170 9
240 7
180 7
240 9
220 7
150 3
210 10
210 9
180 10
160 3
190 7
250 7
230 6
250 9
220 10
190 9
170 3
220 9
200 7
240 7
260 9
260 7
180 1
200 9
230 10
210 7
230 10
190 3
250 7
210 9
270 10
270 7
220 7
240 10
240 10
200 3
220 9
260 7
230 7
280 10
250 10
280 7
250 10
210 3
230 9
240 7
270 7
290 10
220 3
260 10
260 10
290 7
240 9
250 7
230 3
280 6
300 10
270 10
270 10
300 7
250 10
260 7
240 4
290 7
280 10
280 10
260 10
250 4
270 7
300 7
290 10
290 10
260 4
270 9
280 7
300 10
300 8
270 4
280 9
290 7
280 4
290 9
300 7
290 5
300 9
300 5
10 9
20 9
30 9
10 7
20 9
40 8
30 8
50 9
10 9
40 8
60 8
20 10
50 9
30 8
70 8
60 7
40 8
70 6
80 7
50 8
60 8
80 7
90 7
70 8
90 7
100 8
10 13
80 8
100 7
20 13
110 7
30 12
90 8
10 10
40 13
110 7
120 8
20 10
50 12
30 9
100 8
60 11
130 8
120 8
40 10
70 11
110 9
50 9
130 8
60 8
140 8
80 12
10 7
120 9
20 7
10 6
70 8
90 14
30 5
20 9
140 8
130 9
40 4
30 9
80 8
150 8
100 13
50 5
40 9
140 9
110 13
90 8
60 5
50 8
150 7
160 8
60 6
120 14
70 6
150 10
100 8
70 6
160 7
80 5
130 13
110 7
170 8
160 10
80 6
90 5
140 13
120 6
170 7
90 6
180 8
100 4
170 10
130 7
150 13
100 6
10 9
110 5
180 7
20 8
190 8
30 7
140 7
110 5
180 10
160 13
120 5
40 7
190 7
50 7
120 6
150 7
200 6
130 5
190 8
170 13
60 7
130 6
70 8
160 7
200 8
140 6
180 13
210 7
80 8
200 10
140 6
170 7
90 6
150 5
210 8
190 13
150 6
210 9
100 8
220 7
180 7
160 5
110 7
220 8
200 13
160 6
220 8
170 5
190 7
230 7
120 7
170 6
210 13
230 8
130 7
180 5
230 8
200 7
240 7
180 6
140 8
220 14
240 8
190 5
210 7
240 8
150 8
190 6
250 7
230 14
200 6
250 8
160 6
220 7
250 8
200 5
260 7
240 13
210 5
170 7
230 7
260 8
210 5
260 8
180 7
220 5
250 12
270 7
240 7
220 6
270 8
190 6
270 8
230 5
260 12
250 7
280 6
230 5
200 6
280 8
280 8
240 5
270 13
260 7
210 6
240 6
290 6
290 8
290 8
250 5
220 6
280 13
270 7
250 6
300 6
260 5
300 8
300 8
230 6
290 13
280 7
260 6
270 6
240 6
300 13
290 7
270 6
250 6
280 5
300 7
280 5
260 6
290 5
290 5
270 6
300 5
300 5
280 5
290 5
300 5
10 9
20 10
10 7
10 7
10 8
30 10
20 9
20 7
20 11
40 9
30 9
30 7
30 11
40 9
50 8
40 8
40 7
50 9
60 8
50 8
50 9
60 9
60 8
70 8
60 8
70 9
80 8
70 8
70 10
80 9
10 5
90 8
80 7
20 6
80 10
90 9
30 6
100 8
90 5
90 9
40 4
100 9
50 4
110 9
100 5
100 9
110 9
60 4
10 7
120 8
110 6
70 4
20 8
120 9
110 10
30 6
80 4
130 7
120 6
40 9
120 10
130 9
50 9
90 4
130 6
140 8
130 10
60 10
140 8
100 4
150 8
70 9
140 6
140 10
150 8
110 6
10 4
80 8
20 4
160 7
30 5
150 9
150 7
90 8
160 8
40 7
120 6
100 7
50 5
170 7
160 7
60 7
160 9
130 5
170 8
110 7
180 7
70 7
170 6
120 6
140 5
80 6
170 8
190 8
180 8
130 8
90 7
150 5
180 5
180 8
140 7
100 7
200 8
190 9
160 5
10 10
110 6
190 5
150 9
20 9
190 9
30 10
210 9
200 9
170 5
120 5
40 10
160 9
200 5
200 9
50 9
130 5
60 10
180 4
220 9
210 9
170 9
70 10
210 5
210 9
140 5
80 8
190 4
180 8
230 8
220 10
150 5
90 7
220 5
220 9
200 4
190 8
100 8
160 6
230 9
240 9
230 5
110 8
230 10
210 4
200 9
170 6
120 7
240 8
250 9
240 5
240 10
220 4
210 9
130 8
180 6
140 8
250 5
250 8
260 9
250 10
190 5
220 9
230 4
150 8
200 6
260 5
260 10
230 9
260 8
240 4
270 9
160 8
210 6
270 5
170 8
240 8
270 10
250 5
270 9
280 9
220 6
180 8
280 6
250 9
280 10
260 5
280 9
290 9
190 8
230 6
260 9
290 6
270 5
290 10
200 8
290 9
240 6
300 9
270 9
210 8
300 6
280 5
300 10
250 6
300 8
220 8
280 8
290 5
260 6
230 8
290 8
300 6
270 6
240 9
300 8
280 6
250 9
290 6
260 9
270 9
300 6
280 9
290 9
300 9
10 7
10 8
20 6
20 10
30 7
10 10
30 10
20 12
40 5
40 9
30 10
50 6
10 9
50 9
40 11
60 7
20 7
50 10
30 7
60 9
70 7
60 11
10 8
40 9
20 7
70 9
80 6
70 12
50 9
30 8
80 12
60 10
80 9
90 6
40 6
70 12
90 12
50 4
90 10
100 6
80 10
100 12
60 5
100 9
70 4
90 10
110 12
110 6
10 7
80 5
100 10
20 10
110 11
120 12
120 6
30 12
90 5
110 9
40 10
120 11
130 11
50 10
130 6
100 5
130 11
120 10
60 7
140 6
140 12
110 5
70 9
130 10
140 10
120 6
80 8
150 6
150 12
10 9
20 9
140 9
130 5
90 8
150 11
160 5
30 9
160 11
140 5
100 8
40 10
150 9
160 8
50 7
170 5
150 5
170 12
110 8
60 8
160 8
170 9
160 5
120 8
70 6
180 6
180 11
80 7
170 9
180 9
130 9
170 5
190 6
90 7
140 9
180 9
190 11
190 8
200 6
150 9
100 7
180 4
190 8
200 10
110 7
210 6
200 9
160 10
190 5
200 9
120 6
220 6
210 9
210 10
200 5
170 10
130 8
210 8
220 9
230 6
10 9
210 5
180 9
220 10
140 7
20 9
30 10
220 8
40 9
150 8
230 9
190 9
240 5
220 5
50 8
230 11
60 7
160 8
230 8
200 9
70 7
230 5
240 7
250 5
240 11
80 7
170 8
240 8
210 10
90 6
240 5
250 11
250 9
260 5
180 9
100 7
220 10
250 7
110 8
250 4
190 8
260 10
260 9
270 4
120 7
230 10
260 8
200 9
260 4
130 7
270 10
280 4
270 10
240 10
140 6
210 8
270 7
270 4
280 9
150 8
290 4
250 10
280 10
220 9
280 7
160 7
280 4
290 10
230 8
260 10
300 5
290 10
170 7
290 7
290 4
300 10
240 8
180 7
270 10
300 10
300 8
300 4
190 7
250 8
280 9
200 7
260 8
290 9
210 6
270 8
300 8
220 6
280 8
230 6
290 9
240 7
250 7
300 9
260 7
270 7
280 7
290 7
300 7
10 8
20 7
30 7
40 6
50 6
10 10
20 10
60 6
10 7
20 7
30 9
70 7
30 10
40 9
10 10
50 8
80 6
40 9
20 10
60 8
30 11
50 9
90 7
10 6
40 10
20 5
70 9
60 9
100 7
30 8
50 10
70 7
80 9
40 8
60 10
110 7
80 7
90 10
50 8
90 7
70 10
60 7
120 5
100 10
100 8
80 11
70 7
10 6
130 5
20 11
110 9
110 8
80 6
30 11
90 11
140 5
40 10
120 10
90 6
120 7
100 11
50 8
150 5
60 9
100 6
130 10
110 11
70 10
130 7
110 6
160 6
120 11
140 11
80 10
140 8
120 6
90 9
170 5
150 10
130 11
100 11
130 6
150 9
160 9
180 5
140 11
10 10
110 9
140 4
20 11
160 8
170 10
30 12
120 9
190 5
40 10
150 11
150 5
180 9
50 6
130 9
160 11
170 8
200 5
60 6
160 6
140 10
70 6
190 9
170 11
180 7
80 5
150 8
210 5
180 11
170 6
90 6
200 9
160 8
190 7
220 5
100 6
180 6
190 11
170 9
210 9
110 7
190 7
230 5
200 7
120 7
180 9
200 10
220 9
130 6
200 8
190 9
210 10
230 9
210 7
240 5
140 6
210 7
200 8
220 10
220 8
150 6
240 9
220 6
250 5
230 10
210 9
160 6
230 7
230 6
170 6
250 9
240 10
260 5
240 7
220 10
240 6
180 6
250 10
250 7
260 9
270 5
10 11
230 10
20 11
190 6
30 9
250 6
40 9
260 10
260 7
270 8
240 10
50 8
200 6
280 6
60 9
260 7
70 10
270 9
270 7
250 10
280 8
210 7
80 9
290 6
270 6
90 10
280 9
280 7
220 7
260 10
100 10
290 9
300 6
110 10
280 6
230 6
290 7
290 9
270 10
120 10
300 9
130 10
290 5
240 7
300 6
300 9
280 10
140 10
250 7
300 6
150 9
290 10
160 9
260 6
300 10
170 8
270 7
180 8
190 7
280 6
200 8
290 6
210 8
300 6
220 7
230 6
240 6
250 7
260 7
270 7
280 6
290 6
300 6
10 9
20 9
30 10
40 10
10 6
50 9
20 7
10 7
30 8
20 8
60 10
40 8
30 8
50 9
70 10
40 4
10 9
60 7
80 10
50 6
20 8
70 9
90 10
30 8
60 5
40 8
70 6
80 8
100 10
50 8
10 10
80 7
20 8
90 8
60 8
110 10
30 8
90 6
70 9
100 7
40 8
100 9
120 10
80 8
50 8
110 7
90 9
110 7
130 10
60 8
100 9
10 13
120 7
70 6
120 6
20 12
140 11
110 9
30 11
130 7
80 6
40 11
130 5
120 9
90 7
150 11
50 11
140 7
60 14
130 8
140 5
100 7
160 10
70 12
150 8
110 7
140 8
80 14
150 5
170 10
160 9
120 7
90 14
150 8
180 10
160 5
170 9
100 14
130 7
160 8
110 14
170 5
190 10
180 10
140 7
120 13
170 8
200 11
190 9
180 5
150 7
130 13
180 8
210 11
140 12
160 8
10 7
200 9
190 4
20 10
30 11
190 8
150 13
170 6
220 11
40 9
200 4
210 9
50 10
160 12
200 8
60 9
180 8
230 11
210 3
70 9
170 13
220 8
210 8
80 7
190 7
240 11
180 13
90 9
220 3
230 8
220 8
200 7
100 8
230 3
250 11
190 13
230 8
240 9
110 9
210 7
200 13
240 8
120 8
240 3
260 11
250 9
220 7
130 7
210 13
250 9
270 11
140 8
250 3
230 7
260 8
220 12
150 7
260 9
280 11
240 7
270 8
160 7
260 3
230 12
270 9
250 7
290 11
170 6
280 8
240 12
180 8
270 4
260 7
280 9
290 8
250 12
300 11
190 7
10 9
280 4
270 7
20 10
290 8
260 12
200 6
30 12
300 9
40 9
50 9
210 6
280 7
60 9
290 4
300 8
270 12
70 8
80 10
220 6
290 7
90 9
280 13
300 4
100 9
230 6
110 10
300 7
290 12
240 6
120 10
130 10
300 12
250 6
140 8
150 8
260 6
160 9
270 6
170 9
280 6
180 9
190 8
290 5
200 8
300 5
210 8
220 8
230 8
240 8
250 8
260 8
270 8
280 8
290 8
300 8
10 6
20 6
30 7
10 10
40 6
20 10
50 7
30 10
60 7
40 10
50 10
70 7
60 10
80 8
70 10
10 5
90 8
20 5
80 10
30 6
100 7
40 5
90 9
10 9
50 5
110 5
10 9
20 8
100 9
60 5
20 9
30 9
70 5
30 8
40 8
110 9
120 4
40 9
80 5
50 9
120 8
60 9
90 5
50 8
130 5
60 6
130 9
70 9
140 7
100 5
70 6
80 8
110 5
140 9
150 7
80 6
90 10
90 7
120 5
160 8
150 9
10 9
100 10
100 7
20 10
30 9
160 9
130 5
110 10
170 8
40 7
110 7
50 7
120 10
170 9
140 4
120 7
60 7
180 8
130 10
70 9
180 9
130 7
150 5
80 9
140 9
190 7
140 5
190 9
90 10
160 5
150 9
200 8
150 5
100 8
160 8
110 7
200 9
170 5
210 8
160 5
120 6
170 7
210 8
130 6
180 5
170 5
220 8
180 7
140 6
190 5
220 8
180 6
230 9
190 8
150 6
200 6
190 6
10 5
230 9
20 7
30 7
160 6
240 8
200 8
40 7
200 6
210 6
240 8
50 6
170 7
60 6
210 8
220 7
250 8
210 5
250 9
70 6
180 8
80 6
220 9
230 7
190 8
220 6
260 7
90 4
260 8
100 4
200 9
230 8
240 7
230 6
110 4
270 9
270 8
210 9
120 4
240 8
250 8
240 7
130 3
280 8
280 8
220 9
140 5
250 8
260 7
250 7
230 9
150 4
290 7
290 9
260 8
270 7
260 7
160 5
240 9
170 6
300 6
300 8
270 7
270 8
280 7
180 5
250 10
10 9
20 9
30 10
40 9
190 5
280 8
280 7
290 7
50 7
260 10
60 6
200 5
70 8
290 8
290 7
80 7
300 7
270 10
210 5
90 6
100 8
300 8
300 7
280 10
220 5
110 8
120 7
230 5
290 11
130 7
140 6
240 5
300 11
150 7
250 4
160 7
260 4
170 7
180 7
270 4
190 7
280 4
200 7
210 7
290 4
220 8
300 4
230 8
240 8
250 8
260 7
270 8
280 7
290 8
300 7
10 7
20 5
30 8
40 9
10 7
50 7
20 8
30 8
60 5
40 7
70 6
50 6
80 6
10 7
60 10
20 7
90 8
30 7
70 10
100 7
40 7
80 10
50 5
110 9
90 8
60 5
10 4
70 5
120 9
20 4
100 9
30 5
80 5
130 9
40 6
110 8
90 5
50 5
140 9
120 7
60 6
100 5
10 9
150 9
20 8
70 5
110 5
130 7
30 9
80 5
160 9
40 9
120 5
50 9
140 6
90 5
170 8
60 9
130 5
100 5
70 10
180 8
150 7
140 5
80 10
110 5
160 6
190 7
90 10
150 5
120 5
100 10
170 7
200 7
160 5
130 5
110 9
180 6
140 4
120 9
170 6
210 7
150 5
190 6
130 7
10 6
160 5
20 5
140 8
180 6
200 6
30 7
220 8
40 7
170 6
150 8
50 6
190 5
210 6
230 8
60 6
160 9
180 6
70 7
170 9
200 5
220 7
80 7
190 5
240 9
90 5
180 10
10 8
210 5
230 6
20 5
200 6
100 6
30 5
250 9
190 10
40 5
240 6
220 6
110 5
50 6
210 6
120 5
60 6
250 6
230 6
200 10
260 9
70 6
220 7
130 5
80 6
210 10
140 5
270 9
240 6
230 7
90 6
260 6
150 5
100 7
220 10
280 9
250 7
110 6
240 6
160 5
120 7
270 6
290 9
170 6
230 10
250 6
130 7
260 7
180 5
140 6
280 6
260 6
300 8
240 10
150 5
190 5
270 7
160 5
270 6
290 6
200 6
250 9
170 5
280 6
210 7
280 7
300 6
180 4
260 9
290 7
220 7
190 5
290 7
270 10
300 7
230 7
200 5
280 9
300 6
210 5
240 7
10 8
20 8
30 9
290 9
40 10
220 6
250 7
50 10
60 10
230 5
300 9
70 11
260 7
80 11
240 5
90 12
100 10
250 5
270 7
110 10
120 9
260 5
280 7
130 10
140 11
270 5
290 7
150 12
280 5
160 12
300 7
170 12
290 5
180 12
300 5
190 11
200 11
210 12
220 12
230 12
240 11
250 11
260 11
270 12
280 11
290 11
300 12
10 5
20 7
30 7
40 9
50 9
60 8
70 8
80 7
10 8
90 8
20 11
30 11
100 7
40 12
10 8
110 7
50 10
20 7
30 6
120 5
60 12
40 6
70 12
50 6
130 6
60 6
80 13
140 8
70 5
90 11
80 5
150 7
100 10
90 5
110 9
160 7
100 5
10 10
20 10
120 8
10 8
110 5
30 10
170 8
20 6
40 10
30 7
130 9
120 6
50 10
180 8
40 7
60 10
140 9
50 8
130 7
70 8
60 8
80 9
190 8
150 8
140 8
70 7
90 9
80 7
200 8
160 7
100 9
150 7
90 7
110 9
100 7
210 9
170 5
160 7
120 9
110 7
130 8
220 9
180 7
170 5
120 7
140 10
180 5
190 7
130 7
230 9
150 9
140 7
190 5
200 8
150 8
160 10
240 10
200 4
160 7
170 10
210 9
210 5
170 8
250 9
180 9
180 7
220 5
220 9
260 9
190 8
190 7
10 6
230 4
10 7
20 7
20 7
230 9
30 5
30 9
200 8
40 4
270 9
40 8
200 8
240 4
50 11
50 5
240 9
60 10
60 7
210 9
210 6
70 8
70 7
280 9
220 9
80 8
250 4
80 6
250 9
90 7
220 6
90 8
100 6
230 11
290 9
100 8
110 5
260 4
260 9
230 8
110 9
240 9
120 5
120 9
270 4
300 10
130 4
270 9
240 8
130 9
250 11
140 3
280 4
140 8
280 9
150 3
260 11
250 8
150 8
290 4
160 3
290 9
270 10
160 9
170 3
260 8
300 4
170 9
300 8
180 4
280 10
270 8
180 9
190 5
290 10
190 9
280 9
200 6
200 9
300 10
210 6
290 8
210 8
220 6
300 7
220 7
230 5
230 7
240 5
240 7
250 5
250 7
260 7
10 12
260 5
20 10
30 10
40 10
270 7
50 11
270 5
60 11
70 10
280 7
80 10
280 5
90 10
290 7
100 10
110 10
290 5
120 10
300 7
130 10
300 5
140 10
150 10
160 10
170 10
180 10
190 10
200 10
210 10
220 10
230 10
240 10
250 10
260 10
270 10
280 10
290 10
300 10
10 11
20 10
30 11
40 10
50 11
60 10
70 11
10 8
20 9
80 10
10 5
30 10
20 5
40 10
90 11
30 5
50 10
40 5
100 9
60 9
50 5
110 9
70 10
60 5
70 5
80 11
120 9
80 6
90 10
90 6
10 10
130 10
20 10
100 10
30 8
100 6
140 9
40 10
110 9
110 4
50 10
150 9
120 9
60 8
120 3
70 10
160 9
130 9
130 4
80 11
140 9
170 9
90 10
140 5
10 7
100 10
20 7
150 9
150 6
180 9
30 7
40 8
110 8
160 9
160 7
50 6
190 8
120 9
60 7
170 9
170 7
70 8
200 8
130 10
80 8
180 9
180 6
90 8
210 8
140 10
190 9
100 7
190 6
150 10
110 9
220 8
200 7
200 9
120 8
160 10
230 8
130 9
210 6
170 10
210 9
140 8
240 8
180 9
220 5
220 9
150 8
190 7
250 8
230 8
160 9
230 5
200 6
10 10
260 9
170 8
20 11
240 9
240 5
30 11
210 7
40 10
180 8
50 12
270 9
10 7
60 9
250 5
250 8
20 6
220 7
70 8
30 5
190 8
40 6
80 9
280 8
50 6
260 6
230 8
260 9
90 8
200 7
60 5
100 8
70 7
270 6
290 8
110 10
80 4
210 8
240 8
270 9
120 9
90 3
300 8
100 5
130 9
280 6
220 6
250 8
280 9
110 4
140 10
120 5
230 7
290 6
150 8
260 9
290 9
130 5
160 8
140 5
240 7
170 9
300 6
300 9
270 9
150 5
180 9
250 8
160 5
190 9
280 9
170 6
200 9
260 7
290 8
180 6
210 10
270 9
190 6
220 10
300 8
280 9
200 6
230 9
290 9
210 6
240 9
300 9
220 6
250 9
230 6
260 9
10 13
20 14
30 14
240 6
40 14
270 9
50 14
60 14
250 6
70 14
280 9
80 14
90 13
260 6
100 13
290 9
110 13
270 6
120 13
300 9
130 13
280 6
140 13
150 13
290 6
160 13
300 6
170 13
180 13
190 13
200 13
210 13
220 13
230 13
240 13
250 13
260 13
270 13
280 13
290 13
300 13
10 11
20 9
30 8
40 10
50 10
60 10
70 9
80 9
90 9
10 9
20 10
100 10
30 9
40 8
110 10
50 6
10 7
60 7
120 10
20 6
30 6
70 8
40 6
130 10
80 7
50 6
60 6
90 6
140 10
70 9
100 7
80 6
150 9
110 8
90 7
120 7
160 10
10 9
100 6
20 8
30 9
130 6
110 7
40 6
170 10
50 7
140 6
120 8
60 5
180 11
70 6
130 7
150 6
190 11
80 8
160 6
140 6
90 6
200 10
170 7
100 7
150 6
110 6
210 10
180 7
120 7
160 6
220 10
190 8
130 7
170 6
230 10
200 8
140 5
180 6
10 11
240 10
150 5
20 11
210 8
30 8
190 6
160 5
40 8
220 8
250 10
50 8
200 6
170 5
60 8
230 8
180 5
210 6
70 6
260 10
80 8
190 5
220 6
90 8
240 8
270 10
100 10
200 5
230 6
250 7
110 10
210 5
120 12
280 10
240 6
130 12
260 8
220 5
290 10
140 13
250 5
230 6
10 6
270 6
150 13
20 6
30 8
240 6
40 10
160 12
300 10
260 5
50 10
280 7
250 6
60 8
170 12
70 9
270 5
10 7
80 8
180 12
20 6
260 5
30 7
290 7
90 8
40 7
190 12
50 9
100 8
280 6
60 8
270 4
110 8
300 6
200 12
70 6
120 7
80 8
290 6
210 12
280 5
130 7
90 6
140 8
100 6
220 12
300 6
290 5
110 5
150 8
120 6
230 10
160 8
300 5
130 7
240 10
170 8
140 7
250 10
180 8
150 8
160 9
190 8
260 10
170 9
200 8
180 7
270 10
210 8
190 7
280 10
220 8
200 8
290 10
210 8
230 8
220 8
300 11
240 8
230 8
250 8
240 8
250 7
260 8
260 7
270 8
270 7
10 10
20 7
280 8
30 8
40 11
50 9
290 8
280 7
60 8
70 8
290 6
300 9
80 8
90 8
100 7
300 7
110 8
120 6
130 6
140 7
150 6
160 5
170 5
180 6
190 8
200 7
210 7
220 6
230 6
240 6
250 6
260 6
270 6
280 6
290 6
300 6
10 9
20 8
30 8
40 10
50 12
60 10
70 9
80 9
90 9
100 9
110 8
120 8
130 9
140 10
150 10
160 10
170 10
180 10
190 9
200 10
210 10
220 9
230 10
240 9
250 9
260 9
270 9
280 8
10 9
20 11
30 14
10 9
40 13
20 9
30 7
50 13
290 8
40 8
60 11
50 8
70 11
60 8
300 8
80 12
70 8
90 12
80 8
100 12
90 8
110 12
100 8
110 8
120 14
120 8
130 13
140 11
130 7
140 7
150 11
150 8
160 11
170 12
160 8
180 11
170 8
190 11
180 8
200 11
190 8
210 11
200 8
220 12
210 7
230 12
220 7
240 10
230 7
250 11
240 7
260 11
250 7
270 11
260 7
10 6
280 11
20 6
270 7
30 7
40 7
50 7
60 7
280 7
290 11
70 7
80 8
90 8
290 7
300 11
100 8
110 8
300 7
120 8
130 9
140 9
150 9
160 9
170 9
180 9
190 8
200 8
210 9
220 9
230 9
240 9
250 9
260 9
270 9
280 9
290 9
300 9
