1010  42
10
 103 
410
 4
10 4
10 1
10 3
20 4
20 3
20 4
20 3
20 4
20 1
20 4
20 4
30 5
30 3
30 4
30 4
30 1
30 3
30 3
30 4
40 5
40 2
40 4
40 3
40 1
40 3
40 4
40 4
50 5
50 4
50 2
50 1
50 3
50 3
50 3
50 4
60 5
60 2
60 5
60 3
60 1
60 4
60 3
60 4
70 5
70 5
70 2
70 3
70 4
70 1
70 3
70 4
80 6
80 3
80 5
80 3
80 4
80 1
80 4
80 4
90 6
90 2
90 5
90 3
90 1
90 4
90 4
90 3
100 6
100 2
100 5
100 3
100 1
100 4
110 6
110 2
110 5
110 1
110 3
110 4
100 3
100 4
120 6
120 2
120 5
120 3
120 1
120 4
110 3
110 4
130 6
130 5
130 2
130 3
130 1
130 4
120 3
120 4
140 6
140 2
140 5
140 1
140 3
140 4
130 3
130 3
150 6
150 2
150 5
150 3
150 1
150 4
140 3
140 3
160 6
160 5
160 1
160 3
160 2
160 4
150 3
150 4
170 6
170 5
170 2
170 1
170 3
170 4
160 3
160 3
180 6
180 5
180 2
180 1
180 3
180 4
170 3
170 3
190 5
190 2
190 5
190 1
190 3
190 4
180 3
180 3
200 6
200 2
200 5
200 3
200 1
200 4
190 3
210 6
190 3
210 2
210 5
210 2
210 3
210 4
220 6
220 2
220 5
200 3
200 3
220 2
220 4
220 3
230 5
230 5
230 2
230 2
230 4
210 3
210 4
230 3
240 5
240 5
240 2
240 2
240 4
240 3
220 3
220 4
250 6
250 2
250 5
250 1
250 4
250 3
230 3
230 4
260 6
260 2
260 5
260 4
260 3
260 3
240 3
240 4
270 6
270 2
270 5
270 4
270 3
270 3
250 3
250 4
280 6
280 2
280 5
280 4
280 2
280 3
260 4
260 3
290 6
290 2
290 5
290 5
290 2
290 3
270 4
270 3
300 6
300 2
300 5
10 4
300 5
300 1
10 4
20 4
10 2
300 3
10 4
10 3
20 1
20 2
30 4
10 2
20 3
20 1
30 1
30 2
20 2
40 4
30 2
30 1
40 1
30 2
40 2
280 4
50 4
40 2
40 1
280 3
50 1
40 2
50 2
50 2
60 4
50 1
60 1
50 2
60 2
60 2
60 1
70 4
60 2
70 1
70 2
70 2
70 1
80 4
70 2
80 1
80 2
290 4
80 2
80 1
90 4
80 2
290 3
90 2
90 2
90 1
90 2
90 2
100 4
100 2
100 2
100 1
100 2
100 2
110 4
110 2
110 2
300 4
110 1
110 2
110 2
120 4
300 3
10 5
120 2
120 3
10 3
20 5
120 2
120 2
120 2
20 3
30 4
130 4
130 2
130 2
30 3
40 5
130 2
130 2
130 2
40 3
140 4
50 4
140 1
140 2
50 3
140 2
140 3
60 4
140 2
150 4
60 3
150 2
150 2
70 5
150 3
150 2
70 3
150 2
160 4
80 5
160 1
160 3
80 3
160 3
160 2
160 2
90 5
170 4
90 3
170 1
170 3
170 3
170 2
100 5
170 2
100 3
180 4
180 2
180 3
110 5
180 3
180 2
110 3
180 2
190 4
190 2
120 5
190 3
120 3
190 2
190 2
190 2
130 5
200 4
200 2
200 4
130 3
200 2
200 2
200 2
140 5
140 3
210 4
210 2
210 4
210 3
210 2
210 2
150 5
150 3
220 4
220 1
220 4
220 3
220 2
220 2
160 5
160 3
230 4
230 2
230 4
230 1
230 2
170 5
230 2
170 3
240 4
240 2
240 4
180 5
240 1
240 2
240 2
180 3
250 4
250 2
250 4
190 5
250 1
250 2
190 3
250 2
260 4
260 2
260 5
200 5
260 1
200 3
260 2
260 3
270 4
270 1
270 6
210 5
210 3
270 2
270 2
270 3
220 5
280 4
280 6
280 1
220 3
280 2
280 2
280 3
230 5
290 4
290 6
290 1
230 3
290 2
290 2
290 3
240 5
300 4
300 7
300 1
240 3
300 2
10 1
10 4
10 2
300 2
20 1
20 4
10 3
20 2
300 3
10 2
20 3
30 1
30 4
30 2
10 5
20 3
30 3
20 4
40 1
40 4
40 2
30 3
40 4
30 4
250 5
50 1
50 4
50 2
40 3
250 3
40 4
50 4
60 1
60 7
60 2
50 3
50 4
60 4
70 7
70 1
60 3
70 2
60 5
70 4
70 3
80 7
80 1
80 2
70 5
260 5
80 4
260 3
80 3
90 7
90 1
90 2
80 5
90 4
90 3
100 7
100 1
100 2
90 4
100 4
100 3
110 1
100 5
110 7
110 3
270 6
110 4
270 3
110 3
110 5
120 7
120 1
120 3
120 4
120 3
120 5
130 6
130 1
130 3
130 4
280 6
130 3
130 5
280 3
140 6
140 1
140 3
140 4
140 3
140 3
150 1
150 6
150 3
150 5
150 3
290 7
150 3
160 6
160 1
290 3
160 3
160 4
160 3
160 3
170 6
170 1
170 3
170 5
170 3
170 3
300 7
300 3
180 6
180 3
10 4
180 3
180 5
10 4
20 4
20 4
180 3
180 3
30 4
30 4
190 6
190 3
190 3
40 4
190 5
40 4
50 4
190 3
190 3
50 4
200 6
200 3
60 4
200 3
60 4
200 5
200 3
70 4
200 3
70 4
210 6
210 3
210 3
80 4
210 5
80 4
210 3
210 2
90 4
90 4
220 6
220 3
220 4
220 5
100 4
100 4
220 3
220 2
110 4
230 6
110 4
230 3
230 4
230 5
230 3
230 2
120 4
120 4
240 6
240 3
240 4
240 5
130 4
130 4
240 3
240 3
140 4
250 6
250 3
250 3
140 4
250 5
250 3
250 3
150 4
150 4
260 6
260 3
260 4
260 5
260 3
260 3
160 4
160 4
270 6
270 2
270 4
270 5
170 4
170 4
270 3
270 3
280 6
180 4
280 2
280 4
180 4
280 5
280 3
280 3
190 4
190 4
290 5
290 2
290 4
290 5
290 3
290 3
200 4
200 4
300 5
300 2
300 4
300 5
10 3
10 3
20 4
10 7
10 4
20 3
300 3
20 5
20 4
30 3
300 3
30 3
210 4
10 4
210 4
30 5
30 4
10 4
40 3
20 3
40 3
20 4
40 5
40 4
30 4
50 3
50 3
30 4
50 6
50 4
40 3
60 3
40 4
60 3
60 6
50 3
60 4
220 4
220 4
50 5
70 2
70 3
60 3
70 6
70 4
60 5
80 2
80 3
70 2
80 6
80 4
70 5
90 2
90 3
80 2
90 4
90 8
80 5
230 4
230 4
100 3
100 3
90 2
90 5
100 8
100 4
110 2
100 4
110 3
100 5
110 9
110 4
240 4
240 4
120 2
110 4
120 3
110 5
120 9
120 4
130 2
120 3
120 5
130 3
130 9
130 4
130 4
250 4
140 3
250 4
130 4
140 3
140 9
140 4
140 4
150 3
140 4
150 3
150 9
150 4
260 4
150 4
260 4
150 5
160 3
160 3
160 9
160 4
160 3
160 5
170 3
170 3
170 9
170 4
270 4
170 3
270 4
170 6
180 3
180 3
180 9
180 4
180 3
180 5
190 3
190 3
190 9
190 4
280 4
280 4
190 3
190 6
200 3
200 3
200 9
200 4
200 3
200 6
210 3
290 4
210 3
290 4
210 9
210 4
210 3
210 6
220 3
220 3
220 9
220 4
220 3
300 4
300 4
220 6
10 5
10 4
230 3
230 3
230 9
20 3
20 3
230 4
30 3
30 4
230 3
230 7
40 4
40 2
240 3
240 3
240 9
50 5
240 4
50 4
240 3
60 7
60 4
240 7
70 4
250 3
70 4
250 3
250 9
250 4
80 5
80 4
250 3
250 7
90 7
90 4
260 3
260 3
260 9
260 4
100 7
100 4
260 3
260 7
110 8
110 4
270 3
270 3
270 9
270 4
270 3
120 7
270 7
120 4
280 3
280 3
280 9
130 8
280 4
130 3
280 4
280 7
140 8
140 3
290 3
290 9
290 3
290 4
150 8
290 4
150 3
290 7
300 3
300 3
300 9
160 8
160 3
300 4
10 3
10 4
10 3
10 4
20 3
20 4
300 4
20 3
20 2
30 4
300 7
10 2
30 3
30 2
10 4
170 2
30 3
40 4
170 8
20 2
40 3
20 6
40 2
30 2
50 4
40 3
30 6
50 3
50 2
40 2
60 4
40 6
50 3
60 3
180 3
60 2
50 2
180 8
50 6
70 4
60 3
70 3
60 2
70 2
60 6
80 4
70 3
80 3
70 2
190 4
80 2
70 6
90 4
190 8
80 2
90 3
80 3
90 2
80 6
100 4
90 2
100 3
200 3
90 6
100 2
90 3
110 4
100 2
200 9
110 3
100 6
110 2
100 3
210 4
110 2
120 4
120 3
110 6
120 2
110 3
120 2
130 4
210 10
120 6
130 3
130 2
220 5
120 3
130 2
140 4
130 6
140 3
140 2
220 10
130 3
140 2
230 5
150 4
140 6
150 3
150 2
150 2
140 3
150 6
160 4
160 3
160 2
240 5
230 9
160 2
160 6
150 3
170 3
170 3
170 2
170 2
250 5
170 6
160 3
240 8
180 4
180 3
180 2
180 2
180 6
190 4
190 3
170 3
260 6
190 2
250 9
190 2
190 6
200 4
200 2
180 3
200 2
270 6
200 2
200 6
260 7
210 4
210 2
190 3
210 2
210 2
280 6
210 6
220 5
220 2
220 2
200 3
270 8
220 2
220 6
290 6
230 4
230 3
230 2
210 3
230 2
230 6
280 8
240 4
240 3
240 2
300 4
10 2
240 2
220 3
240 6
20 2
30 3
250 5
250 3
40 3
290 8
250 2
50 3
250 2
250 6
230 3
60 3
260 5
70 3
260 4
260 2
80 3
260 2
260 6
300 8
240 3
90 3
10 1
20 2
270 4
270 4
100 3
270 2
30 2
270 2
40 2
270 6
110 3
250 3
50 2
280 4
280 4
120 4
60 2
280 2
280 2
70 2
280 6
130 3
260 3
80 2
290 4
290 4
140 4
290 2
90 2
290 2
290 6
150 4
100 1
270 3
300 4
300 4
10 2
10 3
160 4
300 3
110 2
20 2
20 3
300 2
10 4
30 2
30 3
20 3
10 3
300 6
20 3
10 4
30 3
40 3
40 2
170 4
120 2
20 3
30 4
40 3
50 2
50 3
30 3
280 3
40 4
50 3
60 2
60 3
40 3
50 4
130 2
180 3
60 3
50 3
70 3
70 2
60 4
70 3
60 3
80 3
80 2
70 3
140 2
190 3
70 3
80 3
290 3
80 3
90 3
90 2
80 3
90 3
90 3
100 3
100 2
150 2
200 3
90 3
100 3
100 3
110 3
110 2
100 3
110 3
160 2
300 3
110 2
210 3
120 3
120 2
110 3
10 3
120 3
20 3
120 2
130 3
130 2
170 2
30 3
120 3
130 3
220 3
40 4
130 2
140 3
140 2
130 3
50 4
140 3
180 2
140 2
60 4
150 3
230 3
140 3
150 2
150 4
70 4
150 2
190 2
160 3
150 3
160 2
80 4
160 4
240 3
160 2
90 4
170 3
160 3
170 2
200 2
170 4
170 2
100 4
250 3
170 3
180 3
180 2
180 4
110 4
180 2
210 2
180 3
190 3
190 2
260 3
120 4
190 4
190 2
190 3
220 2
200 3
200 2
130 4
200 4
270 3
200 2
200 3
140 5
210 3
210 2
230 3
210 3
210 2
280 4
150 7
210 3
220 3
220 2
220 4
220 2
240 3
160 7
220 3
230 3
290 3
230 2
230 4
230 2
170 7
230 3
250 3
240 3
240 2
300 3
240 4
10 2
180 7
240 2
20 2
240 3
30 2
250 3
260 3
40 2
250 2
250 4
50 2
190 7
250 2
60 2
250 3
260 3
70 2
260 2
260 4
270 2
200 7
80 3
260 2
260 3
90 2
270 3
270 2
100 3
270 4
210 8
270 2
280 2
110 3
270 3
280 3
280 2
120 3
220 7
280 4
280 2
130 4
290 3
280 3
290 4
290 2
140 4
230 8
290 4
290 2
150 4
290 3
300 3
300 4
300 2
240 8
10 2
10 4
160 4
10 2
300 4
20 2
20 4
300 2
20 3
10 3
30 2
10 6
30 3
20 3
30 4
20 4
300 3
40 2
30 3
40 4
40 3
170 4
10 3
30 3
50 2
40 3
20 4
50 4
40 4
50 3
250 8
30 4
60 2
50 3
60 4
50 4
40 4
60 3
180 4
60 3
70 2
60 4
70 3
50 4
70 3
70 3
80 2
70 4
60 3
80 3
80 3
190 4
260 8
80 3
90 2
80 4
70 3
90 3
90 3
80 4
100 2
90 4
90 3
100 4
200 4
100 3
90 4
100 4
110 2
100 3
110 4
110 3
100 4
270 7
110 4
120 2
210 4
120 3
110 4
120 3
110 4
120 4
130 2
130 3
120 4
130 3
120 4
220 4
130 5
140 2
280 6
140 3
130 4
140 3
130 5
140 5
150 2
150 3
230 4
140 4
150 3
140 5
150 5
160 2
290 7
160 3
150 4
160 3
240 4
150 5
160 5
170 2
170 3
160 4
170 3
170 5
160 5
180 2
250 4
300 7
180 3
170 4
10 3
180 3
180 5
20 3
170 5
190 2
30 3
190 3
180 4
260 4
190 3
40 3
190 6
50 3
200 2
180 5
190 4
200 4
60 3
200 3
200 6
270 4
70 3
210 2
190 5
200 4
210 4
80 3
210 3
210 6
220 2
280 4
90 3
210 4
200 5
220 4
220 3
220 6
100 3
230 2
220 4
230 4
110 3
210 5
290 4
230 3
230 6
120 3
240 2
230 4
240 4
220 5
240 3
240 6
300 4
130 3
10 5
20 5
250 2
240 4
30 5
250 4
140 3
250 3
40 5
230 5
250 6
50 5
60 5
260 2
250 4
150 3
260 4
70 5
260 3
260 6
240 5
80 5
160 3
270 2
260 4
90 5
270 4
270 3
100 5
270 6
170 3
250 5
110 5
280 2
270 3
280 4
280 3
180 3
120 5
280 6
260 5
130 5
280 3
290 2
290 4
190 3
290 3
140 5
290 6
270 5
150 5
200 3
290 3
300 2
300 4
10 3
10 2
300 3
20 4
300 6
160 5
20 3
10 2
30 5
10 3
30 2
20 2
40 4
20 4
210 3
30 2
40 2
30 4
280 6
50 4
300 3
170 5
40 2
50 2
40 4
10 2
60 2
50 1
20 2
60 2
50 4
30 2
70 4
60 1
180 5
70 2
60 3
220 3
40 2
80 4
70 1
50 2
70 3
80 2
290 6
90 4
80 1
60 2
190 5
80 3
90 2
70 2
90 1
100 4
230 3
90 4
100 2
80 2
100 1
200 5
110 4
100 3
110 2
90 2
300 6
110 1
120 4
110 3
10 4
100 2
120 2
240 3
210 5
20 4
120 2
120 3
130 4
30 4
110 2
130 1
40 5
130 2
130 3
140 3
220 5
120 2
50 4
140 2
250 3
140 2
60 5
140 3
150 3
130 2
150 2
70 5
230 5
150 2
150 3
140 2
160 3
80 5
160 2
260 3
160 1
160 3
150 2
240 5
90 5
170 4
170 2
170 2
100 5
170 3
160 2
180 5
270 3
250 5
180 2
110 5
180 1
170 2
180 3
190 6
120 5
190 2
260 5
190 1
180 2
190 3
280 3
200 6
130 5
200 2
200 1
190 2
200 3
270 5
140 5
210 6
210 2
200 2
210 1
290 3
210 3
150 5
220 6
280 5
220 2
210 1
220 1
220 3
160 5
230 6
300 3
230 2
290 5
220 1
10 6
170 5
230 1
230 3
20 5
30 5
240 6
240 2
40 6
230 1
180 5
240 1
240 3
300 6
50 6
10 4
250 6
20 4
60 6
30 4
250 2
240 1
190 5
70 6
40 4
250 1
250 3
50 4
80 6
260 6
60 4
200 5
260 2
250 1
90 6
70 4
260 1
260 3
80 4
100 6
270 6
90 4
210 5
260 2
270 2
110 6
270 1
270 3
100 4
120 6
110 4
280 6
220 5
270 2
280 3
120 4
280 1
280 3
130 6
130 4
290 6
230 5
280 4
140 6
290 3
140 4
290 3
290 1
150 6
150 4
300 5
240 6
290 4
10 2
300 3
20 3
300 3
300 1
160 6
10 2
160 4
30 3
20 4
10 2
10 3
40 3
30 4
20 2
20 3
50 3
30 1
30 4
40 4
250 6
170 4
170 6
300 4
40 1
40 5
60 4
50 4
10 3
50 2
50 5
20 3
70 4
60 3
30 3
180 4
60 2
60 4
70 3
80 4
40 3
180 6
70 4
70 2
260 5
50 3
80 3
90 4
80 4
80 2
190 4
60 3
90 3
100 4
190 6
90 2
90 4
70 3
100 4
110 4
200 4
80 3
100 4
100 2
270 5
110 4
90 3
120 4
200 6
110 4
110 2
120 4
210 4
100 3
130 4
120 4
120 2
110 3
130 5
210 6
280 5
140 4
130 4
130 2
220 4
120 3
140 5
150 4
140 2
140 4
130 3
220 6
150 5
230 4
150 4
150 2
160 4
290 5
140 3
160 7
160 3
160 4
170 4
240 4
230 6
150 3
170 7
170 4
170 3
180 4
300 5
160 3
10 6
250 4
180 6
20 6
240 6
180 4
180 3
170 3
190 4
30 6
40 6
190 7
260 4
190 4
50 5
190 3
180 3
200 4
250 6
60 5
200 7
200 4
200 3
70 5
190 3
270 4
210 4
80 5
210 7
260 6
210 4
200 3
210 3
90 5
220 4
280 4
220 7
100 5
220 4
210 3
220 3
270 7
230 5
110 5
230 7
290 4
220 3
230 4
230 3
120 5
240 5
280 6
240 7
130 5
230 3
300 4
240 4
240 3
10 4
250 5
20 4
140 5
30 4
250 7
40 4
240 3
250 4
250 3
290 6
50 4
150 5
260 6
60 4
260 7
70 4
250 3
260 4
260 2
160 5
80 4
300 6
270 6
90 4
10 3
270 8
20 3
260 3
170 5
270 4
100 4
270 2
30 3
40 3
280 6
110 4
180 5
50 3
280 8
270 3
120 4
280 4
60 3
280 2
70 3
190 5
290 6
130 4
290 8
80 4
280 3
140 4
290 4
290 2
90 3
200 5
300 5
150 4
10 3
100 4
20 2
300 8
290 3
30 2
10 4
300 4
160 4
300 3
210 5
20 4
40 2
10 3
110 4
10 2
30 4
20 3
50 2
20 3
30 3
40 4
30 2
170 4
60 2
40 3
120 4
50 4
300 3
40 3
50 3
70 2
10 2
220 5
60 4
50 3
20 2
60 3
180 4
130 4
80 2
30 2
60 3
70 4
70 3
40 2
70 3
80 4
90 2
50 2
80 3
140 4
190 4
230 5
80 3
90 4
100 2
60 2
90 3
90 3
70 2
100 4
110 2
150 4
200 4
100 3
100 3
80 2
110 4
120 2
240 5
110 3
90 2
110 3
160 4
120 4
210 4
130 3
100 2
120 3
120 3
130 4
110 2
140 3
170 4
130 3
250 5
130 3
220 4
140 4
120 2
150 2
140 3
140 3
180 4
150 4
130 2
230 4
150 3
160 2
260 5
150 3
140 3
160 4
190 4
160 3
170 2
160 3
240 4
150 3
170 4
270 5
170 3
180 2
170 3
200 4
160 2
250 4
180 4
180 3
190 2
180 2
170 2
210 4
190 4
280 5
190 3
260 4
190 2
200 3
180 2
200 4
220 4
200 3
200 2
210 3
190 2
270 4
290 5
210 4
210 3
210 2
230 4
200 2
220 3
280 4
220 4
220 3
300 5
220 2
210 2
230 4
10 4
240 4
20 4
230 4
30 4
290 4
230 3
220 2
230 2
40 4
240 3
50 4
240 4
250 4
240 3
60 5
230 2
240 2
300 4
10 4
250 4
70 4
20 3
250 4
30 4
80 5
250 3
40 4
260 4
240 3
250 2
50 4
90 5
260 4
60 4
260 4
100 6
260 3
70 4
250 3
260 2
270 3
80 4
110 6
270 4
270 4
90 4
270 3
120 6
260 4
100 4
270 2
280 4
280 4
110 4
130 6
280 4
280 3
270 4
120 4
280 2
140 5
290 4
130 4
290 4
290 4
150 4
290 2
280 4
140 4
290 2
300 3
160 4
150 4
10 3
300 4
20 3
10 7
300 2
290 5
300 5
30 3
20 5
10 4
300 2
10 3
160 4
40 3
30 6
20 2
170 4
10 2
20 3
40 5
30 2
50 3
20 3
30 3
40 2
30 3
50 6
60 3
170 4
40 4
40 3
50 2
60 6
300 4
70 3
180 4
50 3
50 4
10 3
60 2
70 5
20 3
80 3
60 3
180 4
70 1
30 3
60 4
80 6
70 3
90 3
40 3
80 2
190 4
70 4
90 5
50 3
80 3
190 4
100 3
90 2
60 3
80 4
100 5
90 3
110 3
70 3
100 3
200 4
90 3
110 5
200 4
100 3
80 3
120 3
110 3
100 3
120 5
110 3
90 3
130 3
120 3
210 4
210 4
100 3
130 5
120 3
110 3
130 3
140 3
110 3
130 3
140 5
120 4
220 4
220 4
140 3
150 3
120 3
140 4
150 6
130 4
150 3
130 3
160 3
230 4
150 4
160 6
230 4
140 4
160 3
140 3
170 3
160 3
240 4
170 6
150 3
150 4
170 3
180 3
240 4
170 6
180 6
160 3
250 4
160 4
180 3
190 3
180 6
190 6
170 3
250 4
190 3
170 4
260 4
200 3
190 6
200 5
180 3
200 3
180 4
200 6
210 3
260 4
270 4
190 3
210 5
210 3
190 5
210 5
220 3
200 3
220 6
280 4
270 4
220 3
220 5
200 5
230 3
210 3
230 6
230 3
290 4
230 5
280 4
240 2
210 6
220 3
240 6
240 3
240 6
300 4
250 2
230 3
220 5
10 2
290 4
250 6
20 2
30 3
250 3
250 6
40 3
240 3
260 3
50 3
230 5
260 6
60 3
260 3
300 4
70 3
260 6
10 2
250 3
270 3
20 2
80 3
240 5
270 6
30 2
90 3
40 2
270 3
270 6
260 3
50 2
100 3
280 3
60 2
280 6
250 4
110 3
280 3
70 2
280 6
270 3
120 3
290 3
80 2
290 6
130 3
260 5
90 2
290 3
290 6
280 3
140 4
100 2
300 3
10 2
300 6
20 2
150 4
10 4
110 2
270 5
30 3
20 4
300 3
300 6
290 3
40 3
30 4
10 3
10 4
160 4
20 3
120 2
40 4
50 3
20 5
30 3
30 5
50 5
60 2
40 3
40 5
170 4
60 6
130 2
70 2
50 3
280 5
50 5
300 3
70 6
60 3
80 3
60 5
10 4
180 4
140 2
20 4
80 6
70 3
90 2
70 4
30 4
90 6
80 3
40 4
80 4
100 2
150 2
190 4
50 4
290 5
90 3
100 5
90 4
110 2
60 4
100 3
110 5
100 4
70 4
160 2
200 4
120 2
110 3
80 4
120 5
110 4
130 1
300 5
90 4
120 3
170 2
210 4
120 4
130 6
10 3
100 4
20 3
140 2
130 3
30 3
130 4
140 6
110 4
180 2
40 3
220 5
150 2
140 3
140 4
50 3
150 6
120 4
60 3
160 2
150 3
150 4
190 2
230 4
130 4
160 6
70 3
170 2
160 3
160 4
140 5
80 3
170 6
200 2
240 5
90 3
180 2
170 3
150 5
170 4
180 6
100 3
160 5
250 5
210 2
180 3
190 2
180 4
190 6
110 3
170 5
190 3
200 2
190 4
120 3
220 3
260 6
200 6
180 5
200 3
200 4
130 3
210 2
210 6
270 6
230 3
190 5
140 3
210 3
210 4
220 2
220 6
200 5
150 3
280 6
220 3
240 3
220 4
230 2
230 6
210 5
160 3
230 3
230 4
290 6
250 3
240 2
220 5
240 6
170 3
240 3
240 4
250 2
300 6
230 5
180 3
250 6
260 3
10 5
20 4
30 4
250 4
250 3
40 4
190 3
240 5
260 2
260 6
50 4
60 4
270 3
260 4
260 3
70 4
200 3
250 5
270 1
270 6
80 4
90 4
270 4
270 3
280 3
210 3
260 5
100 4
280 1
280 6
110 4
280 4
280 3
220 3
270 5
120 4
290 3
290 1
290 6
130 4
290 4
290 3
230 3
280 5
140 4
300 2
300 6
300 3
10 4
10 3
20 4
150 4
10 3
20 3
300 4
30 4
20 3
30 3
240 3
300 3
10 3
290 5
40 4
30 3
10 4
20 3
40 3
160 4
20 3
50 4
30 3
40 3
50 3
30 2
40 4
60 4
50 3
60 3
40 3
50 4
170 4
70 4
50 3
250 3
70 3
60 3
300 5
60 4
10 5
80 4
60 3
80 3
20 6
70 3
70 4
180 4
70 4
30 6
90 4
90 3
80 4
40 6
80 3
80 4
100 4
50 6
260 3
90 4
100 3
190 4
90 3
90 3
60 6
110 4
100 4
110 3
70 6
100 4
100 3
200 4
120 4
110 4
80 6
120 3
110 4
270 3
110 3
130 4
90 6
120 4
130 3
120 3
210 4
100 6
120 3
140 4
130 4
140 3
130 3
110 6
280 3
220 4
130 3
150 4
140 4
140 5
150 3
120 6
150 4
160 4
140 3
150 5
130 6
160 3
230 4
160 4
290 3
170 4
140 6
160 5
150 3
170 3
240 4
170 4
150 6
180 4
170 7
180 3
160 3
300 3
160 6
180 4
250 4
190 4
180 7
10 4
190 3
170 3
20 3
170 6
30 4
190 4
200 4
190 7
40 4
200 3
260 4
180 3
50 4
180 6
200 4
200 7
60 4
210 5
210 3
70 4
190 6
190 3
270 4
210 4
210 7
220 5
80 4
220 3
200 6
200 3
90 4
220 4
280 4
220 7
230 5
100 4
230 3
210 6
210 3
230 4
110 4
230 7
290 4
240 5
220 6
240 3
120 4
240 4
220 3
240 7
250 5
130 4
300 4
230 6
250 3
10 2
20 2
250 4
30 2
140 4
250 7
230 3
40 2
260 5
240 6
260 4
50 2
150 4
60 2
260 4
260 7
70 2
270 5
250 6
240 3
270 4
80 2
160 4
90 2
270 4
270 7
260 6
280 5
170 4
100 2
250 3
280 4
110 2
280 4
180 4
280 7
270 6
120 2
290 5
290 4
260 3
130 2
190 4
290 4
290 7
280 6
140 2
300 5
10 3
300 4
20 3
270 3
10 0
200 4
30 3
150 2
20 0
300 4
40 3
30 0
290 6
10 4
300 8
40 0
20 5
50 4
10 2
160 2
30 5
20 2
50 0
60 4
210 5
30 2
40 4
280 3
60 0
70 3
40 2
50 4
170 2
300 6
70 0
50 2
80 4
60 5
10 3
60 2
20 4
80 0
70 5
220 4
90 3
180 2
30 4
70 2
90 0
40 4
80 5
100 3
290 3
80 2
50 4
100 0
90 5
190 2
110 3
60 4
90 2
230 4
100 5
110 0
70 4
100 2
120 3
200 2
80 3
110 5
120 0
300 3
110 2
130 3
90 3
10 4
120 5
240 4
130 0
20 3
120 2
210 2
100 3
140 3
30 3
130 6
40 3
140 0
130 2
110 3
150 3
50 3
140 6
220 2
250 5
150 0
120 3
140 2
60 3
160 3
150 6
70 3
130 3
160 0
150 2
230 2
170 3
80 3
260 6
160 6
140 3
160 2
170 0
90 3
240 2
180 3
150 3
170 6
170 3
100 3
180 0
270 6
160 3
190 3
180 6
110 3
250 2
180 3
190 0
170 3
120 3
200 3
190 6
190 3
280 7
200 0
260 2
180 3
130 3
200 6
210 3
200 3
210 0
190 3
140 3
270 2
210 6
290 7
220 3
210 3
220 0
150 3
200 3
220 6
230 3
280 2
220 3
160 3
210 3
230 0
300 7
10 2
230 6
20 3
240 3
230 4
170 3
290 2
30 3
220 3
240 0
40 3
240 6
50 3
250 3
180 3
240 4
230 3
60 3
250 0
300 2
10 3
70 3
250 6
20 3
190 3
30 3
260 3
250 4
80 3
240 3
40 3
260 0
50 3
90 3
260 6
60 3
200 3
260 4
270 3
250 3
100 3
70 3
270 0
80 3
110 3
270 6
210 3
90 3
270 4
280 3
260 3
120 3
100 3
280 0
280 6
220 3
110 3
130 3
280 4
270 3
290 3
120 3
290 0
140 3
230 3
290 6
130 3
290 4
280 3
300 3
150 3
10 6
140 3
20 5
300 1
30 5
10 1
240 3
300 6
40 5
150 3
20 2
160 3
10 3
30 3
300 4
290 4
50 5
20 3
10 4
40 3
30 3
60 5
20 3
160 3
50 3
40 3
30 3
170 3
70 5
250 3
60 3
40 3
50 3
80 5
170 3
50 4
300 4
60 3
70 3
10 2
180 3
60 4
90 5
70 3
20 2
80 3
30 5
70 4
180 3
80 3
100 5
90 3
40 4
260 3
80 4
50 4
90 3
190 3
100 3
110 5
190 3
90 4
60 3
100 3
110 3
120 5
70 3
100 4
110 3
270 3
200 3
80 3
200 3
120 3
130 5
110 5
120 3
90 3
130 3
140 5
120 5
100 3
210 3
130 3
210 3
140 3
130 5
280 3
150 5
110 3
140 3
220 3
150 3
140 4
120 3
160 5
220 3
150 3
130 3
150 4
160 3
170 5
290 3
230 3
160 3
140 2
160 4
230 3
170 3
180 5
170 3
240 3
150 2
170 4
180 3
300 3
190 5
180 3
240 3
160 2
10 5
180 4
20 5
250 3
190 3
30 4
200 5
190 3
170 2
40 4
190 4
200 3
250 3
50 4
260 3
180 2
210 5
200 3
60 4
200 4
210 3
70 4
190 2
220 5
210 3
270 4
260 3
80 4
210 5
220 4
90 4
200 4
220 3
230 5
280 4
100 4
220 4
270 3
230 3
210 3
110 4
230 3
240 5
230 4
290 3
120 4
240 4
220 4
280 3
240 4
250 5
130 4
240 4
250 4
230 2
300 3
10 3
250 4
140 4
260 5
20 4
290 3
250 4
30 3
40 3
240 4
260 4
150 4
50 3
260 3
270 5
60 3
260 4
160 4
70 3
250 3
270 4
300 2
80 2
10 3
270 4
280 5
20 3
170 4
90 3
270 4
30 3
260 4
40 3
280 5
100 3
50 3
280 4
180 4
110 3
290 5
280 5
60 3
270 3
120 3
70 3
290 5
190 4
290 4
130 3
80 3
300 5
290 4
10 4
280 4
20 5
90 3
140 3
30 5
200 4
300 5
10 5
40 5
100 3
20 5
300 4
50 5
150 3
30 3
10 4
300 4
20 3
60 5
40 3
290 4
110 3
10 1
210 4
30 3
50 3
160 3
70 5
20 1
40 4
30 1
60 3
80 5
120 3
50 4
40 2
70 3
170 3
60 4
50 2
90 5
220 4
300 4
80 3
130 3
70 4
60 3
10 3
100 5
20 3
70 3
180 3
90 3
80 4
30 3
110 5
40 3
140 3
80 3
90 4
100 3
230 4
50 3
190 3
90 3
120 5
100 4
60 3
110 3
150 3
100 3
70 3
130 5
110 4
120 3
200 3
80 3
240 4
110 3
160 4
120 4
140 5
130 3
90 3
120 3
210 3
130 4
100 3
150 5
140 3
170 4
130 3
250 4
140 4
110 3
160 5
150 5
220 4
140 3
120 3
180 4
150 4
160 5
170 5
150 5
130 3
260 4
230 5
160 3
190 4
170 5
180 5
160 5
140 3
170 3
240 5
180 5
150 3
170 4
190 5
270 4
200 5
180 4
160 3
190 4
180 4
250 5
200 5
210 5
190 3
170 3
280 4
190 4
200 4
210 5
260 4
200 3
180 3
220 5
200 4
210 4
220 5
210 4
290 4
190 3
270 4
210 5
220 4
230 5
230 5
220 4
200 3
220 4
280 4
230 3
300 4
240 6
10 2
240 5
210 3
230 4
20 2
230 5
30 2
240 3
290 4
40 2
250 6
220 3
240 3
50 2
250 5
240 5
60 2
250 4
230 3
260 6
300 5
70 2
250 3
10 1
20 2
260 5
250 5
80 2
30 2
260 4
40 2
240 3
270 6
90 2
260 3
50 2
60 2
260 6
100 2
270 4
270 4
70 2
250 3
280 6
110 2
270 3
80 2
270 5
90 1
120 2
260 3
280 4
280 4
100 1
290 6
280 3
130 2
110 1
280 6
270 3
290 4
140 2
120 2
300 6
290 3
290 4
10 4
130 2
20 4
150 2
290 6
30 4
280 3
40 4
300 4
140 2
10 4
50 5
300 3
20 3
160 2
10 3
30 3
60 5
300 4
150 2
20 2
300 6
40 3
10 4
70 5
30 4
290 3
10 2
20 4
50 3
20 1
40 4
170 2
160 2
80 5
30 5
30 2
60 3
50 4
40 5
40 2
90 5
70 3
60 5
50 2
50 4
170 2
180 2
300 3
80 3
70 5
100 5
60 2
10 2
60 4
20 2
80 5
90 3
70 2
110 5
180 2
30 2
70 4
90 5
40 2
80 2
190 3
100 3
120 5
80 4
50 2
100 5
90 2
190 2
110 3
60 2
130 5
90 4
100 2
110 5
200 3
70 2
120 3
140 5
100 4
200 2
110 2
80 2
120 5
130 3
90 2
110 4
120 2
150 5
210 3
130 5
210 3
140 3
100 2
130 2
120 4
160 5
140 5
110 2
150 3
220 3
220 3
140 2
150 5
130 4
170 5
120 2
160 3
150 2
130 2
160 4
140 4
180 5
230 3
230 3
170 3
160 2
140 2
170 3
150 4
190 5
180 3
240 3
170 2
150 2
240 3
180 4
160 4
200 5
190 3
160 2
180 2
250 3
190 5
170 4
210 5
170 2
200 3
250 3
190 2
200 6
260 3
180 4
180 2
220 5
210 3
200 2
210 6
260 3
190 2
270 3
190 4
230 5
220 3
210 2
220 4
200 2
270 3
220 2
200 4
240 5
230 3
280 3
230 4
210 2
230 2
240 3
250 5
210 4
280 3
290 3
240 5
220 2
240 2
250 4
260 5
220 4
230 2
250 5
300 3
290 3
10 2
250 2
20 2
260 4
270 5
30 2
230 4
240 2
40 2
260 5
50 3
260 2
60 3
270 4
300 3
280 5
240 4
10 2
70 3
250 2
270 5
20 2
80 4
30 2
270 2
280 5
40 2
90 4
290 5
260 1
50 2
250 4
100 4
280 5
60 2
280 2
110 4
290 4
70 2
300 5
270 2
120 4
10 3
260 4
80 2
290 6
20 2
30 2
130 5
290 2
90 2
40 3
300 4
50 3
10 2
280 2
140 5
100 2
20 2
60 3
300 6
30 2
270 4
10 6
70 3
40 2
20 5
110 2
150 5
300 2
50 2
30 4
10 4
80 3
290 2
20 4
40 4
60 2
120 2
30 4
90 3
160 5
50 4
70 2
40 4
60 4
280 4
100 3
50 4
80 2
130 2
170 6
70 4
60 4
300 2
110 3
90 2
80 4
10 3
70 4
20 3
140 2
100 2
180 6
120 3
90 5
30 4
80 4
40 3
290 4
110 2
100 5
90 4
130 3
50 3
150 2
190 6
60 3
120 2
100 4
110 4
140 3
70 3
160 2
110 4
120 4
130 2
200 6
80 3
300 4
150 3
120 4
10 3
90 3
130 4
140 2
20 3
170 2
210 6
160 3
30 3
130 4
100 4
140 4
150 2
40 3
110 4
170 3
180 2
140 4
50 3
220 6
150 4
160 2
60 4
120 4
150 4
180 3
160 4
70 4
190 2
170 2
130 4
230 6
160 4
80 3
190 3
170 4
140 4
180 2
90 3
200 2
170 3
240 6
150 4
180 4
200 3
100 3
190 2
180 3
210 2
160 4
110 3
250 6
190 4
210 3
200 2
190 3
120 4
170 4
200 4
220 2
220 3
260 6
210 2
130 3
200 3
180 4
210 4
230 3
140 4
220 2
230 2
270 6
210 3
190 5
220 4
150 4
240 3
230 2
200 5
220 3
240 2
280 6
230 4
160 4
210 4
250 3
240 2
230 3
170 4
240 4
290 6
250 2
220 5
250 2
240 3
260 3
180 4
250 4
300 6
230 5
260 2
10 1
250 3
260 2
270 3
20 1
190 5
30 2
260 4
40 2
240 5
50 2
260 3
270 2
270 2
280 3
60 1
200 5
70 2
270 4
250 5
80 2
270 3
280 2
210 6
290 3
90 2
280 2
280 4
100 2
260 5
280 3
220 6
290 2
110 2
300 3
10 3
120 2
290 5
20 4
270 5
290 2
30 4
230 5
40 4
290 3
130 2
300 2
50 3
10 2
20 2
60 3
280 5
140 2
30 2
300 4
10 2
300 2
70 4
40 3
240 5
20 2
10 3
300 3
50 3
150 2
30 2
80 4
10 3
20 3
60 3
40 2
20 3
30 3
90 4
290 5
30 4
50 2
70 3
160 2
40 3
40 5
60 2
100 4
250 5
80 3
50 3
50 5
70 2
170 3
60 5
110 4
60 3
90 3
80 2
300 5
70 5
70 3
100 3
120 4
10 2
90 2
180 3
20 2
80 6
260 6
80 3
30 2
110 3
130 4
100 2
90 7
40 2
90 3
190 3
50 2
120 2
100 7
110 2
140 4
60 2
100 3
130 2
110 7
120 2
270 6
70 2
150 4
200 3
110 3
80 2
120 7
140 2
130 2
160 4
90 2
210 3
130 7
120 3
150 2
140 2
100 1
280 6
170 4
140 7
130 3
160 2
110 2
150 2
220 2
180 4
150 7
120 2
140 3
160 2
170 2
290 6
230 2
130 2
160 7
190 4
170 2
150 3
180 2
140 2
170 7
200 4
240 2
180 2
160 3
190 2
150 2
300 6
180 7
10 5
20 3
210 4
190 2
160 3
200 2
170 3
250 2
30 5
190 7
40 5
200 2
170 3
50 5
220 4
210 3
180 3
260 2
60 5
200 7
180 3
210 2
70 5
230 4
220 2
190 3
210 7
80 5
270 2
190 3
220 2
90 5
240 4
230 2
200 3
220 8
200 3
100 4
280 2
230 2
250 4
240 3
110 4
230 8
210 3
210 3
120 4
240 2
290 3
250 3
260 4
240 8
220 3
220 3
130 4
250 2
300 3
260 3
270 4
250 8
230 3
140 4
10 3
230 3
20 2
30 2
260 2
40 3
150 4
240 4
260 8
270 3
50 3
280 4
60 3
240 3
160 4
270 2
70 3
250 4
270 8
280 3
80 2
290 4
170 4
90 3
250 3
280 2
100 2
260 4
280 8
290 4
180 4
300 4
110 3
10 2
20 2
260 3
290 2
120 3
30 2
270 3
190 4
40 2
290 8
300 4
50 2
130 3
10 1
20 1
60 2
30 1
270 3
140 2
200 4
300 3
70 2
280 3
40 1
10 5
300 7
20 4
80 2
50 2
10 3
150 2
30 4
20 3
60 1
90 2
40 4
30 3
210 4
70 1
50 4
40 3
290 3
280 3
160 2
100 2
60 4
50 3
80 1
110 2
60 3
70 4
90 1
170 2
220 4
70 3
80 4
120 2
100 1
300 3
80 3
90 4
290 3
10 4
180 3
20 4
110 2
130 2
90 3
30 3
100 4
230 4
40 4
120 2
100 3
190 3
140 2
110 4
50 4
110 3
130 2
60 4
300 3
150 2
120 4
200 3
70 4
10 2
240 4
120 3
140 2
20 2
130 5
80 4
160 2
30 2
130 3
210 3
90 4
40 2
150 2
140 5
170 2
50 2
250 4
100 4
140 3
160 2
60 2
150 5
220 3
110 4
180 2
150 3
70 2
170 2
160 5
120 4
260 4
80 2
160 3
230 3
190 2
130 4
180 2
170 5
90 2
170 3
200 2
140 4
100 2
240 3
180 5
190 2
270 3
180 3
150 4
110 2
210 3
190 5
200 2
250 3
160 4
190 3
120 2
280 4
220 4
200 5
210 1
130 2
170 4
200 3
260 3
230 3
140 2
210 5
180 4
220 1
210 3
290 3
270 3
150 2
190 4
220 5
240 4
230 2
220 3
160 2
280 3
200 4
300 4
230 5
250 4
10 2
240 2
230 4
20 3
170 2
30 3
210 4
240 5
40 3
290 3
260 4
250 2
240 3
50 3
180 2
220 4
60 3
250 5
70 3
300 3
250 3
270 4
260 2
190 2
230 4
10 5
80 2
20 5
30 5
260 5
90 2
40 5
200 2
260 3
270 2
280 4
50 5
240 4
100 2
60 5
270 5
70 5
110 2
210 2
270 3
250 4
80 5
280 2
290 4
120 2
90 5
280 5
100 5
220 2
280 3
260 4
130 2
290 2
300 4
110 5
10 2
20 4
140 3
30 4
290 5
120 5
230 2
40 4
270 4
290 3
50 4
300 2
130 5
150 3
10 2
60 4
20 5
70 4
30 3
300 5
140 5
240 2
10 3
40 4
280 4
160 3
300 3
80 4
20 2
50 2
10 3
30 2
150 5
20 3
90 4
60 3
40 2
30 3
50 2
170 3
70 3
40 3
100 4
160 5
250 2
290 4
60 2
50 3
80 4
110 4
60 3
70 2
170 5
90 4
180 3
70 3
80 2
120 4
100 5
80 3
300 4
90 2
260 3
180 5
130 4
10 4
110 5
90 3
190 3
20 2
100 2
30 4
140 4
100 3
120 5
40 4
190 5
110 2
50 4
110 3
200 3
270 3
150 4
130 6
60 4
120 2
200 5
120 3
70 4
140 5
130 2
160 4
80 4
210 3
130 3
210 5
150 4
90 5
140 2
280 2
170 4
140 3
100 4
160 5
150 2
220 5
220 5
180 4
110 4
150 3
160 2
170 4
290 2
120 4
160 3
190 4
230 5
230 5
170 2
130 4
180 5
170 3
200 4
140 4
240 5
180 2
190 4
300 2
180 3
240 5
10 4
210 4
150 4
20 4
190 2
250 5
30 4
200 4
190 3
160 4
40 5
220 4
250 5
50 5
200 2
210 4
200 3
170 4
260 5
60 5
230 4
70 5
210 2
180 5
220 4
210 3
260 5
80 5
270 5
240 4
220 2
90 5
190 5
230 4
220 3
100 5
270 5
280 5
200 5
250 4
230 2
110 5
230 3
240 5
210 5
120 5
240 2
290 5
260 4
280 5
240 3
250 6
130 5
220 5
250 2
270 4
300 5
250 3
140 5
260 5
10 2
290 5
20 2
230 4
30 2
150 4
40 2
260 2
280 4
260 3
50 3
270 5
240 5
60 3
160 4
300 5
70 2
270 2
10 4
270 3
290 4
80 2
20 4
280 6
250 5
170 4
30 5
90 2
40 4
280 2
100 2
50 4
280 3
180 6
300 4
260 5
290 5
10 3
60 4
110 2
20 3
30 2
70 4
120 2
40 3
190 6
290 2
290 3
80 4
50 3
270 5
300 5
130 2
60 5
10 3
90 4
20 3
70 5
200 6
140 2
30 3
300 2
80 6
100 4
40 3
300 3
280 5
10 2
10 5
50 4
20 2
150 2
90 6
20 4
30 1
110 4
60 4
210 6
30 4
40 1
100 6
40 4
70 4
160 2
50 1
120 4
50 4
290 4
80 4
110 6
60 1
60 5
220 6
70 1
170 2
90 4
130 4
120 5
70 5
80 1
100 4
80 4
130 6
300 5
180 2
90 1
140 4
10 5
110 4
90 4
230 6
20 5
140 6
100 1
30 5
100 5
120 4
190 3
40 5
150 4
110 1
50 5
110 4
150 6
130 4
60 4
240 5
120 1
200 3
160 4
120 4
70 4
160 6
140 4
130 1
80 4
130 5
210 3
170 4
170 6
150 4
90 4
140 1
250 6
140 5
100 4
160 4
180 6
220 4
150 1
180 4
150 4
110 4
170 4
260 5
160 1
190 6
120 4
160 4
230 4
190 4
180 4
130 4
170 1
170 4
200 6
240 4
270 5
200 4
140 4
190 4
180 1
180 4
210 6
150 4
200 4
250 4
190 1
210 4
190 4
280 5
160 4
220 6
210 4
200 1
200 5
260 4
170 4
220 4
230 6
210 1
290 5
220 4
210 5
180 4
270 4
230 4
240 6
190 4
220 1
230 4
220 5
300 5
280 4
250 6
10 5
200 4
240 4
230 1
230 4
240 4
20 5
30 5
40 4
210 4
260 6
290 3
240 1
240 4
50 4
250 4
250 4
60 4
220 4
270 6
70 5
250 1
250 4
300 4
260 5
10 2
80 5
260 4
20 2
230 4
30 2
90 5
40 2
280 6
260 4
260 2
50 2
270 5
100 5
240 4
60 2
270 4
70 2
110 5
290 6
270 3
270 2
80 2
280 5
250 4
120 5
90 2
280 4
100 2
280 4
130 5
280 2
300 7
290 5
10 2
260 4
110 2
20 3
30 4
140 5
120 2
40 3
290 3
290 4
290 2
50 3
270 4
300 5
130 2
150 5
60 2
10 4
20 4
70 3
140 2
30 5
80 3
160 5
300 3
40 5
300 2
280 4
10 2
300 4
10 5
50 5
150 2
90 3
20 2
20 5
10 4
30 2
60 5
30 5
20 4
170 5
100 3
40 2
40 5
70 5
30 4
160 2
50 2
50 5
290 4
110 3
40 4
80 5
60 2
60 5
50 4
180 5
170 2
90 5
120 3
70 2
70 5
60 4
100 5
80 2
80 6
130 3
180 2
70 4
300 4
190 5
90 2
10 4
90 6
110 5
20 5
140 3
80 4
30 5
100 2
100 6
120 5
190 2
40 5
90 4
110 2
200 5
150 3
50 5
110 6
130 5
60 5
100 4
200 2
120 2
120 6
160 3
70 5
140 5
210 5
110 4
130 2
130 6
80 4
210 2
170 3
150 5
90 4
120 4
140 3
140 6
100 4
220 5
160 5
180 3
220 2
130 4
150 2
150 6
110 4
170 5
190 3
160 2
140 4
160 6
120 4
230 3
230 5
180 5
130 4
200 3
170 2
170 6
150 4
240 2
140 4
190 5
240 5
180 2
180 6
210 3
160 4
150 4
250 2
200 5
190 2
190 6
220 3
170 5
160 4
250 5
210 5
200 2
200 6
260 2
170 4
180 5
230 3
260 5
220 5
210 2
210 6
180 4
270 3
190 5
240 3
190 4
230 4
220 2
220 6
270 5
200 5
250 3
280 2
200 4
230 6
230 2
240 5
210 5
260 3
210 4
280 5
290 2
240 6
240 2
250 5
220 4
220 4
270 3
250 2
250 5
300 3
260 5
290 5
10 3
20 3
230 4
30 4
230 4
40 4
280 3
260 5
260 3
50 4
270 5
60 5
240 4
300 5
70 4
240 4
10 2
290 3
270 3
270 5
20 2
80 4
280 5
30 2
250 4
90 4
40 3
50 3
250 4
100 4
280 3
280 5
300 3
290 5
60 2
10 3
260 4
110 4
20 3
70 2
30 3
40 3
120 4
260 4
80 2
290 3
290 5
50 3
300 4
270 4
130 4
60 3
10 4
90 2
20 4
70 3
30 4
140 4
100 2
80 3
40 4
300 5
300 4
270 4
50 4
280 4
10 3
10 3
90 3
150 4
110 2
20 3
20 4
60 5
30 3
30 4
100 3
70 4
40 3
40 4
160 4
120 2
50 3
50 4
80 5
110 3
290 4
280 4
60 3
60 4
90 5
170 4
130 2
120 3
70 4
70 3
100 4
80 4
80 3
130 3
180 4
140 2
300 4
110 4
90 4
90 3
290 4
10 1
20 1
140 2
120 4
100 4
100 3
30 1
190 4
150 2
40 1
150 2
110 4
110 3
130 4
50 1
160 2
200 4
60 1
300 4
120 4
120 3
160 2
140 4
10 4
70 1
20 3
130 3
130 4
80 2
170 2
210 4
30 4
150 4
170 3
40 4
90 2
140 4
140 3
50 4
160 4
180 2
100 2
180 2
220 4
60 4
150 4
150 3
110 1
170 4
70 4
190 3
160 4
190 3
160 3
230 4
120 2
80 4
180 4
200 3
130 2
170 4
170 3
90 4
240 4
200 3
190 4
140 2
100 4
180 4
210 2
180 3
110 4
150 2
200 4
210 3
250 4
190 4
190 3
220 3
120 4
160 1
210 4
200 4
260 4
200 3
220 3
130 4
170 1
230 3
220 4
210 4
140 4
210 3
180 1
270 4
230 4
240 2
230 4
150 4
220 4
220 3
190 1
280 4
250 3
240 4
160 4
240 4
200 1
230 4
230 3
260 2
170 4
290 4
210 1
250 4
250 4
240 4
240 3
180 4
270 3
220 1
260 4
300 4
250 4
250 3
10 4
260 4
20 4
190 4
30 4
230 1
40 4
280 3
260 4
270 4
50 4
260 3
60 4
200 4
270 4
240 1
70 4
290 3
270 4
80 4
270 3
280 4
210 4
90 4
250 1
280 4
100 4
300 3
280 4
280 3
290 4
10 5
110 4
220 4
20 3
260 1
30 3
40 3
120 4
290 4
290 4
50 2
290 3
300 4
130 4
230 5
60 3
10 2
270 2
20 2
70 4
30 2
140 4
80 4
40 2
300 4
300 4
300 3
50 2
10 2
240 5
90 4
150 4
20 1
10 1
10 2
280 2
60 2
30 1
20 0
20 2
100 4
30 1
40 1
70 2
30 3
160 4
40 1
50 1
80 2
40 3
110 4
50 1
60 1
250 5
50 3
90 2
290 2
170 4
60 1
120 4
70 1
60 3
70 1
100 2
80 1
130 5
180 4
70 3
80 1
110 2
90 1
260 5
300 2
80 3
90 1
140 4
10 1
100 0
120 2
190 4
20 1
100 1
90 3
30 1
150 4
110 0
130 2
40 1
110 1
100 3
200 4
270 5
50 1
120 1
160 4
140 2
120 2
60 1
110 3
130 1
70 1
210 4
150 2
130 2
170 5
80 1
120 3
140 0
280 5
90 1
140 2
160 2
180 4
220 4
130 3
150 1
100 1
150 1
170 2
190 5
110 1
140 3
160 0
230 4
290 5
160 1
180 2
120 1
200 5
150 3
170 0
170 2
240 4
130 1
190 2
180 0
160 3
210 5
300 5
140 1
180 2
10 2
250 4
20 1
200 2
190 0
150 1
30 1
170 3
220 4
190 2
40 1
210 2
160 1
50 1
260 4
200 0
180 3
200 2
230 3
60 1
170 1
220 2
70 1
210 0
270 4
210 1
190 3
80 1
240 4
180 1
230 2
90 1
220 0
220 1
200 3
190 1
280 4
250 4
100 1
240 2
230 0
110 1
230 1
200 1
210 3
260 5
290 4
120 1
240 0
250 2
210 1
240 1
130 1
220 3
270 4
300 4
250 0
10 4
260 2
220 1
140 1
20 4
250 1
30 5
230 3
40 4
280 5
50 4
230 1
150 1
260 0
270 2
260 1
60 4
70 4
160 1
240 3
290 5
240 1
80 4
270 0
280 2
270 1
90 4
170 1
100 4
250 1
250 3
300 4
280 0
10 1
290 2
110 4
280 1
180 1
20 1
30 1
120 4
40 1
260 1
260 3
50 1
290 0
190 1
130 4
300 2
290 1
60 1
10 3
20 3
70 1
140 4
270 1
30 3
80 1
200 1
40 3
300 0
270 3
150 4
50 3
10 4
90 1
300 1
20 4
10 2
60 3
30 5
20 2
280 1
100 1
160 4
40 5
70 3
30 2
210 2
50 5
40 2
110 1
80 3
280 3
50 2
60 5
170 4
90 3
120 1
60 2
70 5
290 1
220 2
70 2
100 3
80 5
180 4
130 1
80 2
110 3
90 5
290 3
140 1
90 2
190 4
300 2
100 5
230 2
120 3
10 1
100 2
20 2
150 1
110 5
30 2
130 3
200 4
110 2
40 2
120 5
160 2
50 2
300 3
140 3
240 1
120 2
10 2
60 2
210 4
130 5
20 3
170 2
150 3
70 2
30 3
130 2
140 5
40 3
80 2
250 1
220 4
140 2
160 3
180 1
50 3
90 2
150 5
60 3
150 1
100 2
170 3
190 2
230 4
70 3
160 5
110 2
260 1
160 2
80 3
180 3
200 2
170 5
120 2
240 4
90 3
170 2
190 3
130 2
180 5
100 3
210 1
270 1
180 2
140 2
250 4
200 3
110 3
190 5
220 1
150 2
190 2
120 3
280 1
210 3
260 4
200 5
160 3
230 2
130 3
200 2
220 3
210 5
170 3
270 4
140 3
210 2
290 1
240 1
180 3
230 3
220 5
150 3
280 4
220 2
250 2
190 2
160 3
230 5
240 3
300 1
10 2
230 2
20 4
290 4
200 2
260 3
30 4
170 3
240 5
250 3
40 4
240 2
50 3
210 2
180 3
300 4
270 3
60 4
250 5
10 2
260 3
20 3
70 4
220 3
250 2
30 4
190 3
40 3
80 4
280 3
50 3
260 5
270 3
90 4
60 3
230 3
260 2
200 3
70 4
100 4
80 4
270 5
290 3
280 3
240 3
110 4
90 4
270 2
210 3
100 3
120 4
280 5
250 3
300 4
290 3
110 3
10 0
280 2
20 0
220 3
130 4
30 0
120 3
40 0
260 3
290 5
140 4
50 0
130 3
300 3
10 4
290 2
60 0
230 3
20 4
140 4
30 4
70 1
150 4
40 4
270 3
300 5
80 1
50 4
10 3
150 4
20 3
90 0
160 4
240 3
300 2
60 4
30 3
10 3
70 4
40 3
160 4
20 3
100 0
280 3
30 3
50 3
80 4
170 4
40 3
110 1
60 3
170 4
50 3
90 4
250 3
70 3
120 1
60 3
100 4
290 3
80 3
180 4
180 4
70 3
130 1
110 4
90 3
80 3
260 3
140 2
190 4
100 3
120 4
90 3
190 4
300 3
110 3
100 3
10 2
130 4
150 2
20 2
200 4
30 2
110 3
200 4
120 3
270 3
140 4
40 2
160 2
50 2
120 3
130 3
210 4
150 4
60 2
170 2
210 4
130 3
140 3
70 2
280 3
160 4
220 4
80 2
140 3
180 2
150 3
90 3
220 4
170 4
150 4
160 3
100 2
190 2
230 4
290 3
180 4
110 3
160 3
170 3
230 4
200 2
240 4
120 3
170 4
190 5
180 3
130 3
210 2
300 3
240 5
180 4
250 4
10 4
200 5
190 3
140 3
20 3
30 3
220 2
190 4
40 4
150 3
210 5
260 4
200 3
250 5
50 3
230 2
160 3
60 3
200 4
220 5
210 3
70 5
270 4
170 3
260 5
210 4
80 5
240 2
230 4
220 3
90 5
180 3
280 5
220 4
250 2
100 5
240 4
230 3
270 5
190 3
110 5
230 4
290 4
260 2
200 4
250 4
240 3
120 5
280 5
240 4
130 5
210 4
300 4
270 2
260 4
250 3
10 5
20 5
140 5
30 5
250 4
220 3
40 5
290 5
50 5
280 3
260 3
270 4
150 5
60 5
260 4
230 3
70 5
160 4
80 5
270 3
300 5
280 4
290 3
10 4
90 5
240 4
20 4
270 4
170 4
30 4
100 5
40 4
280 4
290 4
300 3
110 5
250 4
50 4
10 6
180 4
280 4
20 7
60 4
120 5
30 8
40 8
70 4
290 4
300 4
130 5
50 8
260 4
190 4
10 2
80 4
290 4
60 7
20 2
140 5
30 2
70 7
90 4
40 2
300 4
200 4
80 7
270 5
50 2
150 5
10 3
100 4
20 4
60 2
300 4
90 7
30 3
10 4
70 3
160 5
40 4
20 2
110 4
100 6
210 4
30 2
50 3
80 3
280 6
40 2
110 6
60 2
170 5
120 4
90 2
50 2
70 2
120 6
60 2
100 2
220 4
80 3
130 4
180 5
70 2
290 6
130 6
110 3
90 4
80 2
140 4
190 5
140 6
120 2
100 4
90 2
230 4
300 6
110 5
100 2
130 2
150 4
150 6
10 3
200 5
20 2
110 2
120 3
30 3
140 2
240 4
160 6
40 3
160 4
120 2
210 5
130 3
50 3
150 2
60 3
170 6
130 2
140 3
170 4
70 3
160 2
220 5
250 4
80 3
140 2
180 6
150 3
90 3
180 4
170 2
150 2
230 5
190 6
160 3
100 3
260 4
180 2
160 2
190 4
110 3
170 3
200 6
240 5
120 3
190 2
170 3
180 4
200 4
270 4
210 6
130 3
250 5
200 2
180 2
190 3
140 3
220 6
210 4
190 4
210 2
260 5
150 3
280 4
200 3
230 6
200 4
160 3
220 4
220 2
210 3
270 5
170 3
290 4
210 3
240 6
230 2
230 4
220 3
180 3
280 5
220 2
250 6
240 2
230 3
300 4
190 3
240 4
10 2
230 2
290 5
20 2
260 6
30 3
200 3
250 2
240 3
40 3
250 4
240 3
50 3
300 5
210 3
270 6
10 1
60 3
260 2
250 3
20 2
30 3
70 3
250 3
40 2
260 4
220 3
80 3
50 3
280 6
260 3
270 3
60 3
90 3
70 3
260 5
230 3
100 3
80 3
270 4
290 6
270 3
280 3
90 3
110 3
240 3
270 5
100 3
120 3
300 6
280 2
110 3
280 5
290 3
10 4
250 3
20 4
280 5
130 3
30 4
120 3
40 4
290 2
130 3
50 4
140 3
300 2
260 3
60 5
290 5
10 1
290 5
20 2
140 2
70 5
30 2
150 3
40 2
80 4
300 2
150 2
270 3
50 2
10 3
90 4
20 3
60 2
160 3
300 5
300 5
30 3
160 3
100 4
10 2
70 2
10 3
40 3
20 3
20 3
50 3
30 3
80 2
110 4
280 3
170 3
30 4
170 2
40 3
60 3
90 2
40 4
50 3
120 4
70 4
50 4
60 3
100 2
180 2
80 4
180 3
130 4
60 4
70 3
290 4
110 2
90 4
80 3
70 5
140 4
190 2
120 2
100 4
190 3
90 3
80 4
150 4
110 4
300 3
100 3
130 2
200 2
90 4
10 1
20 1
120 4
110 4
200 3
160 4
30 2
140 4
100 4
40 3
210 3
120 4
130 4
50 1
170 4
150 5
110 4
60 2
210 3
130 4
140 4
220 2
70 3
120 4
160 2
180 4
140 4
80 2
150 4
130 4
220 3
170 3
90 2
190 4
230 2
150 4
160 4
100 3
140 4
180 5
160 4
200 4
170 4
110 2
230 3
240 2
150 4
120 2
190 5
170 4
180 4
210 4
130 2
250 2
160 4
240 3
180 4
200 5
190 3
220 4
140 1
170 4
190 4
210 4
260 2
150 1
200 3
250 3
230 4
200 4
180 4
160 1
220 4
210 4
270 3
240 4
260 3
170 2
210 4
190 4
230 4
220 3
180 1
280 3
250 4
220 4
200 4
240 5
230 3
270 3
190 3
260 4
230 4
290 3
210 4
240 3
250 3
200 3
280 3
240 4
270 4
300 3
210 4
220 4
250 4
260 4
10 3
20 3
30 3
250 4
40 2
280 4
290 3
220 5
260 4
50 3
230 4
270 6
60 3
260 4
70 3
230 4
290 4
80 3
270 3
300 3
280 5
240 4
10 1
90 3
20 1
240 5
270 4
100 3
30 1
300 4
280 4
40 1
10 7
290 7
110 3
250 4
20 7
50 1
250 5
30 7
280 4
120 3
40 5
60 1
50 5
290 4
70 1
130 3
300 7
60 5
260 4
260 5
10 3
80 1
70 5
20 3
290 4
140 3
30 3
80 5
90 1
40 3
300 4
10 4
50 3
90 6
150 2
270 5
20 4
100 1
270 4
60 3
30 4
100 6
300 4
40 4
10 1
70 3
160 3
110 1
20 1
50 4
110 6
80 3
30 1
280 5
60 4
40 1
170 2
120 1
120 6
90 3
70 4
50 1
280 4
60 1
100 3
80 4
130 7
130 1
180 3
70 1
290 5
90 4
110 3
140 7
80 1
140 1
100 4
190 2
120 3
290 4
90 1
150 7
110 4
130 3
300 5
100 1
150 1
200 3
10 3
160 7
120 4
20 4
110 1
140 3
30 6
160 1
40 6
300 4
130 4
210 2
170 7
120 1
10 1
50 6
150 2
20 2
140 4
60 6
130 1
30 3
170 1
180 7
70 6
160 2
220 2
40 3
150 4
140 2
80 6
50 3
190 7
170 2
180 1
90 6
60 3
230 2
160 4
150 3
70 3
100 6
180 2
200 8
170 4
190 1
160 2
80 3
110 6
240 2
90 3
190 2
120 6
210 8
180 4
170 2
200 1
100 3
130 6
250 3
200 2
180 2
190 4
220 8
110 3
140 6
210 1
190 2
210 2
260 2
200 4
120 3
150 6
230 8
200 1
130 3
220 1
160 6
220 2
210 4
270 2
240 8
140 3
170 6
210 2
220 4
230 2
230 1
250 8
280 3
150 3
180 6
220 1
230 4
240 2
190 6
160 3
240 1
260 8
290 3
230 2
240 4
250 2
200 6
170 3
270 8
250 1
240 2
300 2
250 4
210 6
10 5
180 3
260 2
20 6
30 5
280 8
250 3
40 5
260 1
220 6
260 4
50 5
190 3
270 2
60 4
70 4
290 8
260 3
230 6
200 3
270 4
80 4
270 1
280 2
90 4
240 6
270 3
300 8
100 4
210 4
10 3
280 4
20 3
110 3
280 1
30 3
290 2
40 3
250 6
120 3
280 3
50 3
220 4
290 4
60 3
130 3
300 2
70 2
260 6
290 1
10 1
20 1
140 3
80 2
230 4
290 3
30 1
300 4
90 2
40 1
10 4
150 3
20 3
50 1
270 6
100 2
30 3
60 1
40 3
300 1
240 4
160 3
300 3
110 2
70 1
10 1
10 5
50 4
20 5
20 1
80 1
60 4
120 2
30 5
280 6
30 1
170 3
40 6
70 4
90 2
40 1
250 5
50 6
130 2
80 4
50 1
100 2
180 3
60 5
90 4
60 1
140 2
290 6
70 5
110 2
70 1
100 4
190 3
80 5
260 4
150 2
120 2
80 1
90 5
110 4
300 6
130 2
200 3
160 2
100 5
90 1
10 4
120 3
20 3
110 5
140 2
30 4
100 1
270 5
130 4
170 3
210 3
40 4
120 5
50 4
150 2
110 1
140 4
60 4
180 3
130 5
220 3
70 4
160 2
120 1
150 4
280 6
80 4
190 3
140 5
130 1
170 2
230 3
160 3
90 4
150 5
200 3
100 4
140 1
180 2
170 3
290 6
160 5
240 3
110 3
210 3
150 1
190 2
180 3
120 3
170 5
250 4
130 4
300 6
220 3
160 1
190 3
200 2
180 5
10 3
20 3
140 4
30 3
260 3
200 3
170 1
230 3
190 5
210 2
40 3
150 4
50 3
210 3
200 5
60 3
160 3
180 1
220 2
240 3
270 4
70 3
170 3
210 5
220 3
80 3
190 1
230 2
250 3
280 3
90 3
180 3
220 5
230 3
200 1
100 3
240 2
260 4
190 4
290 3
110 4
230 5
240 3
210 1
250 2
200 4
120 4
270 5
300 3
240 5
250 3
10 3
130 4
210 4
20 2
260 2
220 1
30 2
280 5
40 2
250 5
140 4
50 2
260 3
220 4
60 2
270 2
230 1
150 4
70 2
290 4
260 5
230 4
80 2
270 3
160 4
90 2
280 2
240 1
100 2
240 4
270 5
300 4
280 3
10 2
170 3
20 3
110 2
30 3
290 2
250 1
40 3
250 4
120 2
280 5
180 5
50 3
290 3
60 3
130 2
70 3
300 2
260 4
190 4
10 4
260 1
140 2
80 3
290 5
20 5
300 3
30 4
90 3
10 2
150 2
40 4
20 3
200 4
50 4
100 3
270 4
30 4
40 4
60 4
160 2
300 5
270 1
110 3
10 6
50 4
70 5
20 6
60 4
30 5
210 4
120 3
170 2
80 4
280 4
40 5
70 4
90 4
50 5
130 3
80 4
280 1
180 2
60 5
100 4
220 4
90 4
140 3
70 5
290 4
110 4
100 4
190 2
80 6
150 3
120 4
90 6
110 4
290 1
230 4
200 2
300 3
100 6
160 3
130 4
120 4
10 2
20 2
110 6
30 2
140 4
130 4
170 4
210 2
40 2
240 4
120 6
300 1
50 2
140 4
150 4
10 3
180 5
60 2
20 3
130 6
220 2
70 2
30 3
150 4
160 4
250 4
40 3
140 6
80 2
190 5
50 3
160 3
230 2
170 4
90 2
150 6
60 3
200 5
100 2
170 3
70 3
260 4
180 4
160 6
240 1
110 2
80 3
210 5
180 3
190 4
120 2
170 6
90 3
250 1
270 3
130 2
190 4
220 5
100 3
180 7
200 4
140 2
110 3
260 1
200 3
190 7
230 5
210 4
150 2
120 3
280 3
210 4
200 7
220 3
160 2
240 4
270 1
130 3
220 4
210 7
170 2
140 3
290 3
230 3
250 4
280 1
180 2
220 7
230 4
150 3
240 4
260 4
190 2
300 3
290 1
160 3
230 7
10 2
240 3
20 2
250 4
30 2
200 2
270 4
170 3
40 2
240 7
300 1
250 3
50 2
10 2
20 3
260 4
210 2
60 2
30 2
180 3
280 5
40 3
250 8
70 2
260 3
50 3
220 2
60 3
80 2
270 5
190 3
70 3
290 5
260 8
90 2
270 3
230 2
80 3
200 3
100 2
280 4
90 3
270 8
300 5
100 3
110 2
240 2
10 3
280 3
20 3
210 3
110 3
30 4
290 4
120 2
40 5
280 8
120 4
250 2
50 5
290 3
130 2
60 5
220 3
130 3
70 5
300 3
10 5
140 2
290 8
260 2
140 3
80 5
20 5
30 5
300 3
90 5
230 3
10 4
40 5
150 2
150 2
20 4
50 5
100 5
30 4
270 2
300 8
60 5
40 4
160 3
10 1
110 5
160 2
50 4
70 5
20 1
240 3
30 1
60 4
80 5
120 5
170 2
40 1
70 4
280 2
170 2
90 5
50 1
130 6
80 4
60 1
180 2
100 5
250 3
90 4
70 2
140 6
180 2
110 5
80 2
290 2
100 4
190 2
150 6
120 5
90 2
110 4
260 3
190 2
100 2
200 2
130 5
160 6
120 4
300 2
110 2
10 3
140 5
130 4
20 3
170 6
200 2
210 2
30 3
120 2
270 3
40 3
150 5
140 4
180 6
50 3
130 2
220 3
60 3
210 2
160 5
150 4
140 2
70 3
190 6
280 3
80 3
160 4
170 5
230 3
150 2
220 2
90 3
200 6
170 4
180 5
100 3
160 2
240 3
210 6
290 3
110 2
230 2
180 4
190 5
170 2
120 2
250 3
220 6
190 4
200 5
180 2
130 2
240 2
300 3
10 2
200 4
140 2
230 6
260 3
190 2
210 5
20 2
30 2
150 2
40 2
250 2
210 4
200 2
240 6
220 5
50 2
270 3
160 2
60 2
220 4
210 2
70 2
230 5
250 6
170 2
260 2
280 3
80 2
220 2
230 4
180 2
240 5
90 2
260 6
270 2
290 3
100 1
230 2
190 2
240 4
250 5
110 1
270 6
200 2
240 2
250 4
300 3
280 2
120 1
10 2
260 5
20 2
280 6
210 3
30 2
130 1
40 2
250 2
260 5
50 2
270 5
290 2
140 1
60 2
220 3
290 6
70 2
260 2
270 5
150 1
80 2
230 2
280 5
90 2
300 2
300 6
160 1
270 2
100 2
10 3
10 5
280 5
20 4
20 3
240 3
30 4
110 2
290 5
30 3
40 4
170 1
40 3
50 4
120 2
280 2
50 3
290 5
60 4
250 3
60 3
130 2
180 1
70 4
300 5
10 3
70 3
80 4
20 3
140 2
290 2
30 3
260 3
300 5
90 4
80 3
40 3
190 1
10 2
20 3
150 2
50 3
100 4
90 3
30 3
60 3
40 3
110 5
270 3
160 2
300 2
70 3
100 3
200 1
50 3
10 4
20 2
60 3
80 3
120 5
30 2
110 3
170 2
70 3
90 3
40 2
130 4
280 3
210 1
80 3
50 2
120 3
100 3
180 2
60 2
90 4
140 4
110 2
70 2
130 3
100 3
220 1
150 4
290 3
190 2
80 2
120 2
110 3
140 3
90 2
160 5
130 2
200 2
120 3
100 2
230 1
150 3
300 3
140 2
170 5
130 3
10 4
110 2
20 3
210 2
30 3
150 2
120 2
160 3
140 4
180 4
40 3
240 2
50 3
130 2
160 2
220 2
150 3
60 3
170 3
190 4
70 3
140 2
170 3
160 4
250 2
80 3
230 2
200 4
180 3
150 2
90 3
180 2
170 3
100 3
160 2
240 2
210 4
190 3
180 2
260 2
190 2
110 3
170 2
220 5
120 3
250 2
190 3
200 3
200 3
180 2
130 3
270 2
230 5
200 4
210 3
140 3
260 2
210 3
190 2
210 5
150 3
240 5
220 3
280 2
200 2
270 2
220 3
160 3
220 5
250 5
230 3
210 3
170 3
280 2
290 2
230 3
230 5
240 3
220 3
260 5
180 3
290 2
240 5
240 3
190 3
230 4
250 3
300 2
270 5
10 3
20 4
250 5
200 3
30 4
300 3
240 5
250 3
260 3
10 3
40 4
280 5
20 4
50 4
30 4
210 3
40 4
260 5
60 4
250 5
50 4
270 3
260 3
70 4
290 5
60 4
220 3
70 4
80 4
270 5
260 5
80 4
280 3
90 4
230 3
300 5
270 3
90 4
10 8
100 4
20 6
100 4
280 5
270 5
30 5
290 3
240 3
40 4
110 4
110 4
50 4
280 3
60 4
120 4
120 4
280 5
290 5
70 4
250 3
300 3
130 4
130 4
80 4
10 3
20 3
90 4
140 4
30 3
290 3
290 5
300 5
260 3
140 4
40 3
10 4
100 4
50 3
20 3
150 4
30 3
60 3
110 4
150 4
40 3
70 3
300 5
160 4
270 3
50 3
300 3
120 4
10 1
80 3
10 2
60 3
20 2
160 4
30 2
20 2
170 4
130 5
70 3
90 3
30 2
40 2
80 3
280 3
50 2
40 2
100 3
140 5
170 4
180 4
60 2
50 2
90 3
110 3
70 2
150 5
60 2
100 3
120 3
190 4
180 4
80 2
290 3
70 2
110 3
160 5
90 2
130 3
80 3
200 4
120 3
100 2
190 4
170 5
90 3
140 3
300 3
130 3
110 2
10 3
210 4
100 3
20 4
150 3
180 7
30 3
120 2
200 4
140 3
40 4
110 3
160 3
50 5
130 2
220 4
190 7
150 3
60 5
120 3
210 4
140 2
70 4
170 3
160 3
200 7
230 4
80 5
130 3
150 2
180 3
170 4
90 4
220 4
210 7
140 3
240 4
160 2
100 5
190 3
180 4
110 5
150 3
230 4
220 7
170 2
250 4
120 5
200 3
190 4
160 3
180 2
130 4
230 7
240 4
200 5
210 3
260 4
140 4
190 2
170 3
240 8
210 4
220 3
150 4
250 4
200 2
270 4
180 3
160 4
250 8
220 5
230 3
210 2
190 3
280 4
170 4
260 4
230 5
260 8
240 3
220 3
180 4
200 3
290 4
240 5
270 4
270 8
230 2
250 3
190 4
210 3
250 5
300 4
200 4
240 2
10 4
260 3
280 8
280 4
20 4
30 4
220 3
210 4
40 4
260 5
250 2
50 4
270 3
290 8
60 4
230 3
220 4
290 4
70 4
270 5
260 2
80 4
280 3
300 8
90 4
230 4
10 3
240 3
20 4
100 4
280 6
30 3
270 2
300 4
40 3
10 4
290 3
110 4
240 4
20 4
50 3
30 4
60 3
250 3
120 4
40 4
290 6
280 2
70 4
130 4
250 5
50 4
300 4
80 4
10 7
60 4
20 6
140 4
90 4
30 6
260 3
70 4
290 2
300 6
40 6
100 5
260 5
10 4
150 4
50 6
80 4
20 3
30 3
110 5
60 7
40 3
90 4
160 4
70 7
270 3
120 6
50 3
300 2
270 5
10 9
80 7
100 4
60 3
20 8
170 6
130 5
30 7
90 7
70 3
110 4
40 7
80 3
140 5
100 7
280 5
50 5
180 5
280 3
120 4
90 3
60 4
110 7
150 5
70 6
100 3
190 5
120 8
130 4
80 6
290 5
160 5
110 3
290 3
90 5
130 8
200 5
140 4
120 3
170 5
100 5
140 8
300 5
130 3
110 6
150 4
210 6
10 3
180 5
20 3
150 8
300 3
120 5
30 3
140 3
10 3
40 3
160 4
20 4
220 5
160 8
190 6
50 3
130 4
150 3
30 4
60 3
40 4
170 7
170 4
140 4
70 3
160 3
200 6
50 4
230 6
80 3
60 4
150 4
180 7
170 3
180 4
90 3
70 3
210 6
240 6
160 4
100 3
80 3
190 6
180 3
190 4
110 3
220 7
90 3
170 4
250 6
200 7
190 3
120 3
100 3
180 4
200 4
230 7
130 3
110 3
260 6
210 7
200 3
190 4
140 3
120 3
240 7
210 4
210 3
220 7
150 3
270 6
200 5
130 3
250 8
220 4
160 3
220 3
230 6
140 3
210 6
280 6
170 3
260 8
230 3
150 3
240 4
230 4
220 5
180 3
290 6
160 4
240 3
270 8
250 4
230 5
190 3
240 4
170 4
300 6
250 3
200 3
10 2
240 5
260 4
280 8
20 2
30 2
250 4
180 4
40 2
210 3
260 3
50 2
250 5
270 4
290 8
60 2
190 4
70 2
260 4
220 3
80 2
270 3
260 5
280 4
200 4
300 8
90 2
10 6
230 3
20 1
100 2
30 1
270 4
280 3
270 5
40 1
110 2
290 4
210 4
50 2
240 3
60 2
120 2
70 2
280 5
290 3
280 4
130 2
220 3
300 4
250 3
80 3
10 4
20 3
140 2
90 2
30 4
290 7
40 4
300 3
100 3
230 4
260 3
150 2
10 1
290 4
50 4
20 1
110 1
60 4
30 1
160 2
40 1
70 4
120 1
300 7
50 1
240 4
270 3
10 1
80 4
20 1
60 1
170 2
130 1
300 4
30 2
90 4
70 1
10 4
40 2
20 5
140 2
100 4
80 1
180 2
50 2
30 4
280 3
250 4
60 2
40 5
110 4
90 1
150 3
70 2
50 5
190 2
100 1
120 4
80 2
60 5
160 3
290 3
110 1
260 4
90 2
130 4
70 5
200 2
120 1
170 3
100 2
80 5
140 4
210 2
110 2
130 1
300 3
90 5
180 2
270 4
10 3
150 4
20 3
120 2
140 1
100 5
30 3
220 2
40 3
160 4
190 2
130 2
50 3
110 4
150 1
60 3
280 4
170 4
140 2
200 2
230 2
120 4
70 3
160 1
80 3
150 2
180 4
130 4
170 1
210 3
90 3
240 2
290 4
160 2
100 3
190 4
140 4
180 1
220 3
110 3
170 3
250 2
150 4
200 4
190 1
120 3
300 4
180 3
230 3
10 2
130 3
160 5
210 4
260 2
20 2
200 1
30 2
190 3
140 3
240 3
40 2
170 5
220 4
50 2
210 1
270 2
150 3
200 2
60 2
250 3
180 5
70 2
160 3
230 4
220 1
210 2
80 2
280 2
170 3
190 4
260 2
90 2
240 4
230 1
220 1
180 3
100 2
290 2
200 5
270 2
240 1
250 4
230 1
110 2
190 3
120 2
300 2
210 5
10 2
250 1
280 2
240 1
260 4
200 3
20 3
30 3
130 2
40 3
220 5
210 3
50 3
260 1
250 1
140 2
270 4
290 2
60 3
70 2
220 4
150 2
230 5
80 2
260 1
270 1
280 4
300 2
90 3
160 2
230 4
100 3
240 5
280 1
270 2
110 3
290 4
170 2
240 4
120 2
250 5
180 2
290 2
130 3
280 2
300 4
250 4
140 3
190 2
260 5
300 2
150 3
260 4
10 3
20 3
290 1
30 3
200 2
160 3
40 3
270 5
50 3
270 4
170 3
60 3
210 2
70 3
300 2
180 2
80 3
280 4
280 4
220 2
90 3
190 2
100 3
290 4
200 1
290 4
230 2
110 3
120 3
300 4
210 1
10 1
240 2
20 1
300 4
30 1
130 3
10 5
40 1
220 1
20 4
50 1
30 5
140 3
60 2
250 2
40 4
70 1
230 1
50 4
150 3
80 2
60 4
90 2
260 2
70 4
240 2
160 3
100 2
80 4
110 2
90 4
250 1
170 3
270 2
120 1
100 4
130 1
180 3
260 2
110 4
140 1
280 2
120 4
190 3
150 1
270 2
130 4
160 1
290 2
200 4
140 4
280 2
170 1
210 4
150 4
180 1
300 3
10 3
290 3
20 4
160 4
190 1
30 4
220 4
40 4
50 4
200 1
170 4
300 3
60 4
10 5
20 4
230 5
70 4
30 4
210 1
180 4
40 4
80 4
50 4
60 4
90 4
220 1
240 5
190 4
70 4
100 4
80 4
230 1
110 4
90 4
200 4
250 5
100 4
120 4
240 1
110 4
210 4
130 4
260 5
120 4
250 1
140 4
220 4
130 4
270 6
150 4
260 2
140 4
230 4
160 4
150 4
280 6
270 4
170 4
240 4
160 5
280 3
180 4
290 6
170 5
250 4
190 4
290 3
180 5
300 6
260 4
200 4
190 5
300 4
270 4
200 5
210 4
210 5
220 4
280 4
220 4
230 4
290 4
230 5
240 4
240 5
300 4
10 2
250 4
20 2
250 5
30 2
40 2
50 2
260 4
260 5
60 2
70 2
270 5
80 2
270 4
90 2
100 2
280 6
280 4
110 2
120 2
290 6
290 4
130 2
140 2
300 6
300 3
150 2
10 1
20 1
30 1
160 2
40 1
50 2
170 3
60 1
70 1
180 3
80 1
90 1
190 3
100 1
110 1
200 3
120 1
210 3
130 1
140 1
220 3
150 2
230 3
160 2
170 2
240 3
180 2
250 3
190 2
260 3
200 2
270 3
210 2
220 2
280 3
230 2
290 3
240 2
300 3
10 5
250 2
20 5
30 4
40 4
50 4
260 2
60 4
70 4
80 4
270 2
90 4
100 4
280 3
110 4
120 4
290 3
130 4
140 4
300 3
150 4
10 4
20 4
30 4
160 4
40 5
50 5
170 4
60 5
70 5
180 4
80 5
90 5
190 4
100 5
110 5
200 4
120 5
210 4
130 6
140 6
220 4
150 6
230 4
160 6
170 6
240 4
180 6
250 4
190 6
260 4
200 7
210 7
270 7
220 7
280 5
230 7
290 7
240 7
300 6
10 2
250 7
20 2
30 2
40 2
50 2
260 7
60 2
70 2
80 2
270 7
90 2
100 2
280 7
110 2
120 2
290 8
130 2
140 2
300 8
10 0
150 2
20 0
30 1
160 2
40 1
50 1
60 1
170 2
70 1
80 1
180 2
90 1
190 2
100 1
110 1
200 2
120 1
210 2
130 0
140 0
220 2
150 0
230 2
160 0
170 0
240 2
180 0
250 2
190 0
260 2
200 0
210 0
270 2
220 0
280 2
230 0
290 2
240 0
300 2
10 2
250 0
20 3
30 3
40 3
50 3
260 0
60 3
70 3
80 3
270 0
90 3
100 3
280 0
110 3
120 3
290 0
130 3
140 3
300 0
150 3
10 2
20 2
30 3
160 3
40 3
50 3
170 3
60 3
70 3
80 3
180 3
90 4
190 3
100 4
110 4
200 3
120 3
210 3
130 3
140 3
220 3
150 3
230 2
160 2
170 2
240 2
180 3
250 2
190 4
260 2
200 4
210 2
270 2
220 3
280 2
230 3
290 2
240 3
300 2
250 3
10 4
20 4
30 4
40 4
50 4
260 3
60 4
70 4
80 4
270 3
90 4
100 4
280 3
110 4
120 4
290 3
130 4
140 4
300 3
150 4
10 4
20 4
30 3
40 3
160 4
50 3
60 3
170 4
70 3
80 3
180 4
90 3
190 4
100 3
110 3
200 4
120 3
130 3
210 4
140 3
220 4
150 3
230 4
160 3
170 3
240 4
180 3
250 4
190 3
260 4
200 3
210 3
270 4
220 3
280 4
230 3
290 4
240 3
300 4
250 3
260 3
270 3
280 3
290 3
300 4
