10 2
20 2
30 2
40 2
10 2
10 8
10 10
10 2
20 3
20 3
50 2
20 2
10 4
20 4
10 6
30 3
30 3
30 2
20 4
30 4
20 5
60 2
10 2
40 3
40 2
30 4
40 4
40 3
30 5
20 4
70 2
40 4
50 3
50 2
40 5
50 3
50 3
30 3
50 3
80 2
60 3
60 2
50 5
40 2
60 4
60 5
60 3
50 2
70 3
70 2
60 5
90 2
70 3
70 5
70 3
60 1
70 5
80 2
80 3
80 3
100 2
80 5
70 2
80 4
90 2
90 3
80 5
90 4
90 4
110 2
80 2
90 3
100 2
100 4
90 5
100 4
100 4
120 2
90 1
100 4
100 5
110 2
110 4
110 4
110 5
100 2
130 2
110 4
110 5
120 2
120 4
120 4
120 4
110 1
140 2
120 4
120 5
130 4
130 2
130 4
120 2
130 6
130 4
150 2
130 5
140 4
140 2
140 4
130 1
140 5
140 4
160 2
140 5
150 4
150 2
150 4
140 1
150 5
150 4
170 2
150 5
160 4
160 2
160 4
150 2
160 5
160 4
180 2
160 5
170 5
170 3
170 5
160 1
170 5
170 4
170 5
190 2
180 4
180 3
180 5
170 1
180 5
180 4
180 5
190 5
200 3
190 3
190 5
180 1
190 5
190 4
190 5
200 5
200 3
210 3
200 5
190 1
200 5
200 4
200 5
210 5
210 3
220 3
210 6
200 2
210 5
210 4
220 5
210 5
220 3
220 6
230 3
210 2
220 5
220 4
220 5
230 5
230 3
230 6
240 3
220 2
230 5
230 4
240 6
230 5
240 3
240 6
250 3
230 3
240 5
240 4
250 5
240 5
250 3
250 6
260 3
240 2
250 5
250 4
260 5
250 5
260 3
260 6
270 3
250 3
260 4
260 5
270 5
260 5
270 3
270 6
280 3
260 3
270 4
270 5
280 5
270 5
280 3
280 6
290 3
270 3
280 4
280 5
290 5
280 5
290 3
290 6
300 3
280 3
290 4
290 5
300 5
300 3
290 5
300 6
290 3
300 4
300 5
300 5
300 3
10 5
20 3
30 3
10 4
10 3
40 3
20 4
20 4
30 3
10 3
50 3
20 2
30 2
40 3
60 3
30 2
40 2
50 2
10 4
40 2
70 3
10 0
20 5
50 3
60 3
20 0
50 2
30 4
80 3
30 1
60 2
10 5
70 2
40 5
40 1
20 1
60 3
70 2
90 3
50 1
80 2
30 2
50 5
10 3
70 3
40 1
60 1
80 2
20 4
60 5
90 2
100 3
30 4
80 3
50 1
70 1
90 2
70 5
40 4
60 1
100 2
90 3
110 3
80 1
50 4
80 5
100 2
70 1
60 4
110 2
100 3
90 1
120 3
90 5
80 1
110 2
70 4
110 3
120 4
100 1
100 5
90 1
80 4
130 3
120 2
110 1
120 3
130 4
90 4
100 1
110 5
140 3
130 2
120 1
100 4
130 3
110 1
120 5
140 4
110 4
150 3
130 1
140 2
140 3
120 2
130 5
150 3
120 4
140 1
130 2
150 2
160 3
150 3
140 5
160 4
130 4
150 1
140 1
160 3
160 3
150 5
170 4
140 4
170 4
160 1
150 2
170 3
170 2
160 5
150 4
180 4
180 4
170 1
160 2
180 3
170 5
180 2
160 4
190 4
190 4
170 3
180 1
170 4
190 3
180 5
190 3
200 4
200 5
180 3
190 1
180 4
190 5
200 2
200 2
210 4
190 3
210 5
200 1
190 4
200 5
210 2
210 2
200 3
210 1
220 4
220 5
200 4
210 5
220 3
220 2
210 3
220 1
210 4
230 5
230 4
220 5
230 4
230 2
220 2
220 4
230 2
240 5
240 5
230 5
240 4
240 2
230 3
230 4
240 1
250 5
250 5
240 6
250 5
250 3
240 5
240 4
250 1
260 5
250 6
260 5
260 4
250 4
260 3
250 5
260 1
270 5
260 6
270 6
270 4
260 4
260 4
270 3
270 1
280 5
270 6
280 6
280 5
270 4
270 4
280 4
280 1
290 5
280 6
290 5
280 4
290 5
280 5
290 4
290 1
290 6
300 5
300 5
290 4
290 4
300 5
300 5
300 1
300 6
300 4
300 4
10 3
20 3
30 3
40 3
10 3
50 4
20 3
10 4
30 3
60 4
20 2
10 1
10 5
20 1
30 2
40 3
20 4
70 4
30 1
40 2
30 4
40 1
50 3
10 2
50 1
80 5
40 5
50 1
20 2
60 3
50 5
60 2
30 3
10 4
60 1
90 4
60 5
20 4
70 2
70 3
40 2
70 1
30 4
100 4
50 4
70 6
80 3
40 5
80 2
80 2
60 6
80 6
50 4
110 3
10 4
90 2
90 2
90 3
60 4
70 5
20 5
90 6
120 3
30 5
100 2
70 4
100 2
100 3
80 3
40 5
100 5
80 5
130 3
110 3
50 3
110 2
90 3
110 3
110 5
60 3
90 5
120 3
140 3
100 3
120 2
120 3
70 3
100 5
120 5
130 3
110 2
150 3
80 4
130 2
130 3
110 5
130 5
140 3
90 4
120 2
140 2
160 3
120 5
140 3
100 4
140 5
130 2
150 3
130 5
150 2
170 4
150 4
110 5
150 5
140 2
160 3
140 5
160 3
120 5
180 4
160 4
150 2
160 5
170 3
150 5
130 5
170 3
190 4
170 3
160 3
170 5
180 3
160 5
140 5
180 3
200 4
180 4
170 3
150 5
170 5
190 3
180 5
190 3
210 4
160 5
190 3
180 3
180 5
200 3
190 5
200 3
170 5
220 4
190 3
190 5
200 3
210 3
200 5
210 3
180 5
200 5
200 3
230 4
210 3
220 3
210 5
190 5
220 4
210 5
210 3
240 5
230 3
220 3
220 5
200 5
230 4
220 5
220 3
250 4
240 3
230 3
230 5
210 5
240 4
230 5
230 3
250 3
260 5
240 3
240 5
220 5
240 5
250 4
240 3
260 3
270 4
250 3
230 5
250 5
250 5
260 4
250 3
270 3
280 4
240 5
260 3
260 5
260 5
270 3
260 3
280 3
290 4
250 5
270 3
270 5
270 5
280 4
270 3
290 3
260 5
300 4
280 3
280 5
280 5
290 3
280 3
300 3
270 5
290 3
290 5
290 5
290 3
300 3
280 5
300 5
300 5
300 3
300 3
290 5
300 5
10 4
20 4
30 4
40 3
50 3
10 3
60 3
20 4
30 4
70 3
40 4
80 3
50 4
10 2
90 3
10 4
20 2
60 4
20 2
30 2
10 1
30 3
70 4
100 3
40 2
20 1
40 3
30 1
80 4
50 2
10 3
10 3
110 3
40 1
50 2
20 3
20 4
60 3
90 4
30 4
30 4
50 2
120 3
60 3
40 3
70 2
40 4
100 4
60 2
50 3
50 4
130 3
70 3
80 3
70 3
60 4
110 4
60 3
80 3
90 3
80 3
70 4
70 3
140 3
90 3
80 4
100 2
90 4
120 5
80 4
10 5
100 3
90 4
20 4
100 5
150 3
110 2
130 5
30 5
90 4
110 3
100 4
40 5
110 4
120 2
140 5
100 4
160 3
50 5
110 4
120 4
60 5
120 4
130 3
150 5
110 4
70 5
120 4
170 3
130 4
130 4
80 5
140 3
120 4
160 5
130 4
140 3
180 3
90 5
140 5
130 3
150 3
170 5
140 4
100 5
150 3
150 6
190 3
140 3
110 5
160 3
180 5
150 4
160 3
160 6
120 5
150 4
200 3
170 4
160 4
190 5
170 3
130 5
170 5
160 4
170 4
200 5
180 4
210 3
140 5
180 3
180 6
170 3
180 4
150 5
190 3
210 5
220 3
190 3
190 6
180 3
160 5
190 4
220 5
200 3
200 3
230 3
170 5
200 6
190 3
200 4
230 5
210 3
210 3
180 5
240 3
210 6
200 3
210 4
240 5
220 3
190 5
220 3
220 7
250 3
210 4
220 4
200 5
250 5
230 3
230 3
230 7
220 4
260 3
230 4
210 5
260 5
240 4
240 3
240 7
230 4
240 4
220 5
270 3
270 5
250 4
250 3
250 7
230 5
240 4
250 4
280 3
280 5
260 4
260 3
240 5
260 6
250 4
260 4
290 5
290 3
270 4
270 3
250 5
270 6
260 4
270 4
300 5
300 3
280 4
260 5
280 3
280 6
270 4
280 4
270 5
290 4
290 3
290 5
290 4
280 4
300 3
280 5
300 5
300 3
300 4
290 4
290 4
300 4
300 4
10 4
10 5
20 3
20 3
30 2
30 3
40 2
40 3
50 2
50 3
60 3
60 3
70 2
70 3
80 2
80 3
10 3
20 1
90 2
90 3
10 2
10 5
30 2
20 3
20 3
100 3
100 2
10 4
40 2
30 3
30 2
20 5
50 2
110 2
110 4
40 3
40 2
30 5
40 5
60 2
50 3
50 2
50 5
120 3
120 3
60 3
70 2
60 2
60 5
70 3
130 3
10 5
80 2
70 4
70 2
130 2
20 2
80 3
30 2
90 2
140 3
80 4
90 3
80 2
40 2
50 2
140 2
100 4
90 5
90 2
10 3
100 3
150 3
60 2
20 4
100 5
110 4
100 2
30 3
150 2
110 3
70 2
40 4
110 4
160 3
110 2
120 4
80 2
50 3
120 3
160 2
60 3
90 2
120 2
120 4
130 4
170 3
130 3
70 3
100 2
170 2
130 2
130 4
140 4
80 3
140 3
180 3
110 2
140 2
140 5
90 3
150 4
180 2
120 2
150 3
100 3
150 3
190 3
150 5
160 4
130 2
190 2
160 3
110 3
160 2
160 5
200 3
170 4
140 2
120 3
200 2
170 3
170 3
170 5
150 2
180 3
130 3
210 3
180 3
180 3
210 2
180 5
160 2
140 3
190 3
220 3
190 3
190 3
190 5
220 3
150 3
170 2
200 3
200 3
230 3
200 3
160 3
180 2
200 5
230 3
210 3
210 3
170 3
190 2
210 3
240 3
210 5
240 3
220 3
220 3
180 3
200 2
220 3
220 5
250 3
230 7
250 3
190 3
230 3
210 2
230 3
230 5
260 3
240 6
260 3
200 3
240 3
220 2
240 3
240 5
270 3
250 5
210 3
250 3
230 2
270 3
250 5
250 3
220 3
260 5
280 3
260 3
240 2
280 3
260 5
260 3
230 3
270 4
270 3
250 2
290 3
290 3
270 5
270 3
240 3
280 5
280 3
260 2
300 3
300 3
280 5
280 3
250 3
290 4
270 2
290 3
290 5
290 3
260 3
300 5
280 3
300 3
300 3
270 3
300 5
290 3
280 3
300 3
290 3
300 3
10 2
10 5
20 1
20 4
30 1
30 3
40 1
40 3
50 1
50 3
60 1
10 3
60 3
20 3
70 1
30 4
70 3
10 3
40 4
80 1
20 2
50 3
80 4
30 1
90 1
10 3
10 6
60 4
20 3
40 2
20 3
90 4
30 3
100 1
70 4
50 2
30 4
40 4
100 4
40 3
60 2
50 3
110 1
80 4
50 3
70 2
60 3
110 4
60 3
90 4
120 1
70 4
80 2
70 3
120 4
100 4
130 1
90 2
80 4
80 3
10 2
130 4
20 3
110 4
100 2
90 4
30 3
140 2
90 3
40 3
140 4
110 2
100 4
120 4
50 3
100 3
150 2
120 2
110 4
150 4
60 3
130 3
110 4
160 2
70 3
120 4
130 2
120 4
80 3
160 4
140 4
170 2
130 4
90 3
130 4
140 2
150 3
170 4
140 4
100 4
180 2
10 3
140 4
150 2
20 3
160 3
110 4
30 3
150 4
180 4
150 5
190 2
40 3
160 3
120 4
50 3
170 5
160 4
190 4
60 3
160 5
130 4
200 2
170 2
170 4
70 3
180 5
140 4
200 4
80 3
170 5
180 3
210 3
180 4
190 5
90 3
150 4
210 4
180 5
190 2
100 3
190 4
220 3
160 3
200 5
110 3
190 5
220 4
200 3
200 4
170 4
120 3
230 3
210 5
200 5
230 5
130 3
210 3
210 4
180 4
240 3
220 5
140 3
210 6
220 4
190 4
240 5
220 3
150 3
250 3
230 5
230 4
220 6
200 4
230 3
250 5
160 3
240 5
260 3
210 4
240 4
230 6
170 3
240 3
260 5
250 5
270 3
180 3
220 4
250 4
240 6
250 3
270 5
190 3
230 4
260 5
260 4
280 3
250 4
260 3
280 5
200 3
240 4
270 5
270 4
290 3
260 4
270 3
210 3
290 5
250 4
280 4
280 5
220 4
270 5
300 3
280 3
300 5
260 4
290 4
290 5
230 4
280 5
290 3
270 4
300 4
240 4
300 5
290 5
280 4
300 3
250 4
300 5
290 4
260 4
300 4
270 4
280 3
290 3
300 3
10 2
10 3
20 2
20 3
30 2
30 3
40 2
40 3
50 3
50 2
60 2
60 3
70 3
70 2
10 2
20 2
80 3
80 2
30 2
10 5
90 3
20 6
40 2
90 2
30 6
50 2
100 3
10 4
100 2
40 6
60 2
20 4
50 6
110 3
110 2
30 4
70 2
60 4
40 5
120 2
120 3
80 3
50 5
70 4
10 4
130 2
20 4
90 3
60 4
80 5
130 3
30 4
90 5
140 2
40 4
70 6
100 3
140 3
50 4
80 5
100 5
110 2
150 2
60 5
90 5
110 5
10 0
150 3
70 5
120 2
160 2
20 0
100 5
120 5
80 5
30 0
130 2
160 3
110 5
40 0
90 5
130 6
170 3
50 0
100 5
140 2
120 5
140 6
60 0
170 3
110 5
130 5
180 3
150 2
150 6
70 0
120 5
140 5
180 3
160 2
160 6
80 0
190 3
130 5
150 6
90 0
170 6
190 3
170 2
140 5
200 2
160 6
100 0
180 6
200 3
150 5
180 2
10 4
210 3
110 0
20 2
170 6
30 2
190 6
160 5
210 3
120 0
40 2
190 3
220 3
50 2
180 6
170 5
130 0
200 6
60 1
220 3
200 4
70 2
190 6
140 0
230 2
180 5
80 2
210 6
230 4
210 4
90 4
150 1
200 6
190 5
240 2
100 4
220 6
160 1
240 4
220 4
110 3
210 6
200 5
230 6
170 1
120 4
250 2
230 3
250 4
220 6
210 5
130 4
180 1
240 6
260 2
140 4
240 3
220 5
260 4
230 6
190 1
150 4
250 6
270 2
250 3
230 5
240 6
200 0
160 5
270 4
260 6
170 5
210 1
240 5
260 3
250 6
280 2
280 4
180 6
270 6
220 1
250 5
260 6
270 3
290 2
190 6
290 4
280 6
230 1
260 5
200 6
270 6
280 3
300 2
300 4
240 1
290 6
210 6
270 5
280 6
290 3
250 1
220 5
300 6
280 5
290 6
300 3
230 6
260 2
290 5
300 6
240 6
270 1
300 5
250 6
280 1
260 6
290 2
270 6
300 1
280 6
290 6
300 6
10 2
10 3
20 1
20 2
30 1
30 2
40 1
40 2
10 3
50 3
50 3
20 4
30 4
60 2
60 3
10 3
40 3
20 3
70 2
30 3
70 3
50 3
80 2
40 3
60 3
80 3
50 3
90 2
70 4
90 3
60 3
100 3
80 3
100 3
70 3
110 4
90 4
80 3
10 3
10 2
110 3
20 2
20 3
120 3
100 3
90 3
30 2
120 3
30 2
40 3
40 3
110 3
100 3
130 4
130 3
50 3
50 3
120 3
110 4
60 3
60 3
140 4
140 4
70 3
70 4
120 4
130 3
80 3
150 4
80 4
150 5
130 3
140 3
90 2
90 4
160 5
160 4
100 2
140 3
150 4
100 4
110 3
150 3
170 4
170 5
110 4
160 4
120 3
160 3
120 3
180 5
10 2
180 4
170 4
20 3
30 3
130 3
130 3
170 3
40 4
190 4
190 4
140 3
50 3
180 5
140 3
60 3
180 3
200 4
200 4
70 3
150 3
150 3
190 5
80 3
210 3
160 4
160 3
190 3
90 3
210 5
10 9
20 7
100 3
200 5
30 5
170 4
220 4
170 3
200 3
40 5
110 4
220 5
50 4
210 5
180 4
180 3
60 4
120 4
230 3
210 3
70 6
230 6
130 4
190 4
190 3
220 5
80 6
240 3
220 3
140 4
90 6
240 6
200 3
200 4
230 5
100 7
150 4
250 4
230 3
110 8
250 6
210 3
210 4
160 4
240 5
120 8
240 3
260 3
220 4
170 4
220 4
260 6
130 8
250 6
250 3
140 8
180 4
270 3
230 4
230 4
270 6
150 7
260 5
190 4
260 3
280 3
240 4
240 4
160 7
280 6
200 4
270 5
170 7
270 3
250 4
250 4
290 3
210 3
290 6
180 8
280 5
260 4
280 3
260 4
220 3
300 3
190 8
300 6
290 6
270 4
230 3
290 3
270 4
200 8
240 3
300 5
280 3
210 7
300 3
280 4
250 4
220 7
290 3
290 4
260 4
230 8
300 3
300 4
270 4
240 8
250 8
280 4
260 8
290 3
270 8
300 4
280 8
290 8
300 8
10 2
20 2
10 4
30 2
20 4
40 2
30 4
50 2
40 4
60 2
50 4
70 3
60 4
10 4
80 3
70 4
20 4
10 3
30 3
90 3
80 4
20 3
40 5
100 3
30 3
50 5
90 4
40 4
110 4
60 4
50 4
100 4
70 5
60 4
120 5
110 5
70 4
80 4
130 5
120 5
80 4
90 4
10 1
20 2
140 5
30 2
10 3
130 5
90 4
100 4
20 3
40 2
100 4
30 2
50 2
150 5
110 5
140 5
40 3
60 2
110 4
50 3
120 4
160 5
70 2
150 5
60 3
120 4
80 2
70 3
130 4
170 4
160 5
80 4
130 4
90 2
140 4
180 5
100 2
140 4
90 4
170 5
150 4
110 2
100 4
190 5
150 4
180 5
110 3
120 2
160 4
160 4
200 6
10 10
20 5
120 3
130 1
30 7
170 4
190 5
170 4
40 7
130 3
210 5
140 2
50 8
180 3
200 5
140 3
180 4
60 5
150 2
220 6
210 5
70 8
150 3
190 4
160 1
80 7
190 4
160 4
230 5
220 5
90 7
170 2
200 4
100 8
170 4
240 5
200 4
180 1
210 4
110 7
230 5
180 4
10 2
210 4
250 4
120 8
190 1
20 1
220 4
30 2
190 3
240 5
130 8
40 2
200 1
220 4
50 2
260 4
230 4
140 8
60 2
200 4
250 6
70 2
210 1
150 8
230 4
80 2
240 4
270 4
210 3
160 8
90 2
260 6
220 2
240 4
100 2
250 5
170 8
220 3
280 4
110 2
230 2
270 6
250 4
180 8
120 2
260 5
230 4
290 4
240 2
280 6
190 9
130 2
260 4
240 4
270 5
140 2
200 9
250 3
300 5
290 6
270 4
150 2
250 4
210 10
280 5
260 2
160 3
300 6
280 4
220 10
260 4
170 3
290 5
270 2
290 4
230 10
180 3
270 4
280 3
300 5
240 10
190 3
300 4
290 4
280 4
200 3
250 10
210 3
300 3
290 4
260 10
220 3
300 4
270 9
230 3
280 9
240 3
250 3
290 9
260 3
300 9
270 3
280 3
290 3
300 3
10 5
20 5
10 2
30 5
20 2
40 5
30 2
50 4
40 2
60 5
50 2
70 4
60 2
80 5
70 2
90 7
80 2
10 3
20 5
100 6
90 2
30 5
40 4
100 2
110 6
10 3
50 4
20 4
60 4
110 2
30 3
120 6
70 4
40 3
120 2
50 4
130 6
80 5
60 4
90 5
130 2
140 5
70 3
10 2
100 5
20 2
140 2
30 2
80 3
150 5
110 5
40 2
90 3
150 2
50 2
120 5
100 3
160 5
60 2
160 2
70 2
110 3
10 4
130 5
20 4
170 5
80 2
30 3
120 3
40 4
140 5
170 2
50 4
90 2
180 6
130 3
60 4
100 2
150 5
180 2
70 4
140 3
190 6
110 3
80 4
160 5
150 3
190 2
120 3
90 4
170 5
200 7
100 4
160 3
130 3
180 5
200 2
110 4
170 3
210 7
140 3
10 3
120 4
190 5
20 3
210 2
30 3
180 3
150 3
130 5
40 2
220 7
200 5
50 2
140 5
190 3
220 2
160 3
60 4
210 5
230 7
150 6
70 2
200 3
230 2
80 2
170 3
160 6
220 5
240 7
90 3
170 7
210 3
180 4
240 2
100 3
230 5
180 7
250 7
110 4
220 3
190 4
250 2
190 7
240 5
120 4
260 7
230 3
200 4
200 7
130 4
250 5
260 2
270 7
240 3
210 7
210 4
140 4
10 4
260 5
270 2
20 5
150 4
220 7
30 5
280 7
220 4
250 3
40 5
160 4
50 5
270 5
230 7
280 2
60 5
230 4
290 7
260 3
170 4
70 5
80 5
240 7
280 5
180 5
240 4
290 2
90 5
270 3
300 7
100 5
250 7
190 5
290 5
250 5
110 5
300 2
280 3
200 5
260 7
120 5
260 4
300 5
210 5
130 5
290 3
270 7
220 5
140 5
270 4
150 5
300 3
280 7
230 5
280 4
160 5
240 5
290 6
170 5
290 4
180 5
250 5
300 6
190 5
300 4
260 5
200 5
270 5
210 5
280 5
220 5
290 5
230 5
300 5
240 5
250 5
260 5
270 5
280 5
290 5
300 5
10 5
20 3
30 3
40 3
10 5
20 4
50 3
30 5
60 2
40 5
50 4
70 4
10 1
60 5
80 4
20 1
70 6
30 1
90 4
40 1
80 6
50 1
100 4
90 6
10 1
60 1
20 1
100 5
110 4
30 3
70 1
40 3
110 5
120 4
80 2
50 3
90 2
60 3
130 5
120 5
100 2
70 3
140 5
130 5
110 2
80 2
90 3
150 5
140 5
120 2
10 3
100 3
20 4
160 5
130 2
150 5
30 4
110 3
40 4
10 6
140 2
20 5
170 5
50 4
160 5
30 4
120 3
60 4
150 2
40 4
180 5
130 4
70 4
170 5
50 4
160 2
80 3
60 4
190 5
140 4
180 5
70 3
90 3
170 2
80 3
200 5
100 3
150 4
190 5
90 4
110 4
180 2
210 5
100 3
160 4
200 5
120 3
110 3
130 3
190 2
220 5
170 3
210 5
120 4
140 3
200 2
180 3
130 3
230 5
220 5
150 3
10 4
140 4
210 2
20 2
160 5
240 5
190 3
30 2
150 4
230 5
40 2
170 4
220 2
50 2
200 3
250 5
160 4
60 2
240 5
70 2
170 4
230 2
180 4
210 3
80 2
260 5
180 4
90 2
240 2
190 5
250 5
220 4
100 2
190 4
200 5
270 5
250 2
110 2
230 3
200 4
260 5
210 5
120 2
260 2
210 4
280 5
240 4
130 2
220 5
270 5
220 4
140 2
250 4
290 5
230 5
270 3
230 4
280 5
150 2
260 4
300 5
240 5
160 2
240 4
280 3
170 2
290 5
270 4
10 4
250 5
20 2
250 4
30 2
180 2
290 3
40 3
300 5
50 3
260 5
280 4
190 2
260 4
60 2
70 2
300 3
80 3
200 2
270 5
90 3
290 3
270 4
100 3
210 2
280 5
280 4
110 3
300 3
290 5
220 2
120 4
290 4
130 3
230 2
300 5
140 3
300 4
240 2
150 2
160 2
250 2
170 2
260 2
180 2
270 2
190 2
200 2
280 2
210 2
290 2
220 2
230 2
300 2
240 2
250 2
260 2
270 3
280 2
290 2
10 3
20 3
30 4
40 4
50 4
300 2
60 4
70 4
80 4
90 4
10 2
20 1
10 6
30 1
100 4
20 3
30 3
40 1
40 3
110 4
50 1
50 4
60 2
120 4
60 4
70 2
70 4
80 3
130 3
10 4
80 3
20 4
90 3
140 3
90 2
30 5
100 3
40 4
150 3
100 2
50 4
110 3
60 4
110 5
160 3
120 3
70 4
10 3
120 5
80 4
20 4
130 2
170 3
30 4
90 4
10 3
130 5
40 4
140 3
20 3
50 4
180 3
100 4
30 3
140 5
60 4
40 3
150 3
50 3
110 4
70 4
150 5
60 3
190 3
80 4
120 4
160 5
160 2
70 4
90 4
80 4
130 4
200 3
170 5
170 2
90 4
100 4
140 4
100 4
110 4
180 2
180 4
210 3
110 4
120 4
150 4
120 4
190 2
130 4
190 4
220 3
160 4
130 4
140 4
200 4
200 2
230 3
140 4
150 4
170 4
150 4
210 4
160 4
210 2
180 4
240 3
160 4
170 4
220 2
220 4
190 4
250 3
170 4
230 2
180 4
200 4
230 4
260 3
10 2
180 4
20 2
210 4
30 2
190 4
240 4
240 2
190 4
40 2
270 3
50 1
220 4
60 2
250 3
200 4
200 4
250 3
70 4
230 4
80 4
280 3
210 4
210 4
260 3
90 4
260 3
240 4
290 3
100 4
220 4
220 4
110 4
270 3
250 4
270 3
300 3
230 4
120 3
230 4
260 4
280 3
130 3
240 4
280 3
240 4
140 3
270 4
290 4
150 3
250 4
250 4
290 3
280 4
160 3
300 4
260 4
260 4
300 3
290 4
170 3
270 4
270 4
10 4
20 3
300 4
180 3
30 3
40 3
280 4
50 3
280 4
190 3
60 3
70 3
200 4
290 4
80 3
290 4
90 3
210 4
300 4
100 3
300 4
110 3
220 4
120 3
130 3
230 4
140 3
240 4
150 3
160 3
250 4
170 3
260 4
180 3
270 4
190 4
280 4
200 4
290 4
210 4
300 4
220 4
230 4
240 4
250 4
10 5
20 4
30 4
40 3
260 4
50 3
60 3
70 3
270 4
80 4
90 5
280 4
100 4
110 5
10 3
120 4
20 4
290 4
10 3
30 4
20 3
40 3
130 4
30 3
10 6
50 3
20 4
40 2
60 3
30 3
300 4
140 4
50 2
40 3
70 3
60 2
50 3
80 3
150 4
70 2
60 3
90 3
70 3
80 2
160 4
100 3
80 3
90 2
110 4
90 3
100 2
170 4
120 4
100 3
110 2
130 4
110 3
180 4
120 2
120 3
140 3
10 5
10 2
20 3
20 0
130 2
30 3
30 0
150 4
130 3
190 4
40 3
40 0
140 2
50 0
50 3
160 4
140 3
150 2
60 0
60 3
200 4
170 4
70 0
150 3
70 4
160 2
210 4
80 0
180 4
80 4
160 3
90 4
170 2
90 0
100 4
220 4
190 4
100 0
180 2
170 3
110 4
110 0
200 5
120 4
180 3
190 2
230 4
120 0
130 5
210 5
190 3
200 3
130 0
240 4
140 5
200 3
210 3
140 0
220 5
150 5
250 4
210 4
150 0
220 4
160 5
230 5
220 4
160 0
170 5
260 4
230 4
240 5
180 5
170 0
230 4
270 5
250 5
240 4
190 5
180 0
240 4
280 5
260 5
200 6
250 4
190 0
250 4
290 5
210 6
270 5
200 3
10 3
260 4
260 4
20 2
30 2
220 6
280 5
40 2
210 1
300 5
50 2
270 4
230 6
60 2
270 4
70 2
290 5
80 2
220 0
280 4
240 6
90 2
280 4
100 2
230 2
300 5
250 6
110 2
290 4
290 4
240 2
120 2
260 6
130 2
250 3
300 4
300 4
270 6
140 2
260 2
150 2
280 6
160 2
270 2
290 6
170 2
280 3
180 2
10 1
300 6
20 1
30 2
190 2
40 3
290 2
50 3
60 2
200 2
70 2
300 3
80 2
210 2
90 2
100 2
220 2
110 2
120 2
230 2
130 2
140 2
240 2
150 2
160 2
250 2
170 2
260 2
180 2
190 2
270 2
200 2
280 2
210 2
290 3
220 2
230 2
300 3
10 5
20 5
30 5
40 5
240 2
50 6
60 6
70 6
250 2
80 6
90 6
260 2
10 2
20 2
100 6
30 3
40 3
270 2
110 6
50 3
60 3
120 6
70 3
280 2
130 6
10 5
10 0
80 3
20 7
20 0
140 6
30 6
30 0
90 3
40 6
40 0
50 7
150 6
290 2
100 3
50 0
60 6
60 0
160 6
110 3
70 7
70 1
80 7
120 3
80 1
170 6
300 2
90 8
130 3
100 7
90 1
180 6
140 4
100 1
110 6
190 6
110 0
150 3
120 7
10 4
20 1
120 1
130 8
200 6
30 1
160 3
40 1
130 2
140 7
50 1
210 6
170 4
140 1
60 1
150 7
10 1
70 1
20 2
160 7
150 2
180 4
220 6
30 2
80 1
40 2
90 1
160 1
50 3
190 4
170 7
230 6
60 2
100 1
70 3
170 2
110 1
200 4
180 7
80 3
240 6
120 1
180 1
90 3
210 4
190 7
130 1
100 3
250 6
190 2
220 4
110 3
140 1
200 7
120 3
200 2
150 1
260 6
230 4
210 7
130 3
160 1
210 2
240 4
140 3
270 6
170 2
220 7
220 2
150 3
250 4
180 2
280 6
230 7
160 3
230 2
190 2
260 4
240 6
290 6
170 4
240 1
200 2
270 4
250 6
180 3
300 6
210 3
250 2
260 7
280 4
190 4
220 3
260 2
200 4
270 6
290 4
230 2
210 4
270 2
300 4
280 6
240 3
220 4
10 2
20 2
30 1
40 1
230 4
280 2
290 6
50 1
250 2
60 1
70 1
240 4
80 1
260 2
290 2
300 6
90 1
250 4
100 2
270 2
300 2
110 1
260 4
120 1
280 2
130 1
270 3
140 2
290 2
280 3
150 2
10 4
20 4
300 2
30 4
160 2
40 5
290 3
50 3
60 3
170 1
300 3
70 3
80 3
180 1
90 3
100 3
190 1
110 3
120 3
200 1
130 3
210 2
140 3
220 1
150 3
160 3
230 2
170 3
240 2
180 3
250 2
190 3
200 3
260 2
210 3
270 2
220 3
280 2
10 4
230 3
20 4
30 3
40 3
290 2
50 3
240 3
60 3
10 3
70 3
20 3
300 2
80 3
30 3
250 3
40 3
90 4
50 3
100 3
60 3
260 3
110 4
70 3
80 3
120 4
90 3
270 3
130 4
100 4
10 5
140 4
20 3
110 4
30 2
280 3
150 4
40 2
120 4
50 2
10 2
60 2
160 4
20 2
130 4
70 2
30 2
290 3
40 2
80 2
140 4
170 4
50 2
90 2
60 2
150 4
300 3
100 2
70 2
180 4
160 4
80 2
110 2
190 4
90 2
170 4
120 2
100 2
180 4
130 2
200 4
10 2
110 2
20 2
190 4
140 2
30 2
10 3
120 2
210 4
20 3
40 2
30 3
50 2
150 3
200 4
130 2
40 2
60 2
220 4
50 2
210 4
160 2
70 2
140 2
60 2
80 2
70 2
170 3
220 4
150 2
230 4
90 2
80 2
180 3
160 2
90 2
100 3
230 4
190 3
240 4
100 2
170 2
110 3
240 4
110 2
120 3
250 4
200 3
120 2
180 2
130 3
250 4
210 4
130 3
190 2
140 2
260 4
260 4
140 2
150 2
200 2
220 4
150 2
270 4
270 4
160 2
230 6
210 2
160 2
170 2
280 4
280 4
170 2
220 2
240 5
180 2
180 2
290 4
290 4
250 6
190 2
230 2
190 2
300 4
300 4
200 2
260 6
240 2
200 2
210 2
210 2
250 2
270 6
220 2
220 2
260 2
280 5
230 2
230 2
270 2
240 2
240 2
290 4
10 1
20 1
30 1
250 3
280 2
40 1
250 2
50 1
300 4
60 1
260 3
290 2
260 2
70 1
80 2
270 3
90 1
300 2
270 2
100 2
110 2
280 3
280 2
120 2
130 2
290 3
290 2
140 2
10 3
20 5
30 4
150 2
40 4
300 2
300 2
50 4
60 4
160 2
70 4
80 4
170 2
90 4
180 3
100 4
110 4
120 4
190 3
130 4
200 3
140 4
210 3
150 4
160 4
220 3
170 4
230 3
180 4
240 3
190 4
250 3
200 4
10 4
10 3
210 4
260 3
20 3
20 4
30 3
30 4
40 4
40 3
220 4
50 3
50 3
270 3
60 3
60 4
230 4
70 3
70 4
80 4
80 4
280 3
240 4
90 3
90 4
100 4
100 4
250 4
110 4
110 3
290 3
120 3
120 3
260 4
130 3
130 3
300 3
140 3
140 3
270 4
150 4
150 3
160 4
280 4
10 13
160 3
20 10
170 4
30 9
40 9
290 4
170 3
50 9
180 4
60 8
10 3
180 3
70 5
20 3
300 4
190 4
30 3
80 5
40 3
190 3
50 3
90 5
60 3
200 4
70 3
100 5
200 3
80 3
110 5
210 3
90 3
210 3
120 5
100 3
220 3
220 4
130 5
110 3
10 1
10 3
20 1
230 4
120 3
230 4
20 3
30 1
140 5
30 3
40 1
40 3
50 1
150 6
130 3
50 3
60 1
240 3
240 4
160 7
60 3
70 1
140 3
70 3
80 1
80 3
170 5
90 1
150 3
250 3
250 4
90 3
100 1
180 6
100 3
160 3
260 4
110 1
260 3
110 3
190 6
120 1
120 3
170 3
270 4
200 6
270 3
130 3
130 1
180 3
140 3
140 1
210 6
280 4
150 3
280 3
190 3
150 1
220 6
290 4
160 3
160 1
200 3
230 6
290 3
170 3
210 3
170 1
180 3
300 4
240 6
300 3
180 1
190 3
220 3
250 6
200 3
190 1
230 3
200 1
210 3
260 6
210 1
220 3
240 3
270 6
220 1
230 3
250 3
280 6
230 2
240 3
260 3
240 2
250 3
290 5
250 2
270 3
260 3
10 4
20 4
300 5
30 5
260 2
40 5
280 3
270 3
50 5
60 5
270 2
70 5
290 3
280 3
80 5
90 5
280 2
100 5
290 3
300 3
110 5
290 2
120 5
10 6
20 3
300 3
30 3
130 5
40 4
50 5
300 2
140 5
60 4
70 4
150 5
80 5
90 4
160 5
100 5
170 4
110 5
120 5
180 5
130 6
190 5
140 5
200 5
150 5
210 5
160 5
170 4
220 5
180 4
230 5
190 4
240 5
200 5
250 5
210 5
10 7
20 4
10 3
260 5
30 4
20 2
40 4
30 2
50 4
220 5
40 3
50 2
60 4
270 5
60 2
70 4
230 5
70 3
80 4
80 3
90 4
280 5
90 3
100 4
240 5
100 3
110 4
110 3
290 5
250 5
120 4
120 3
130 4
260 5
130 3
300 5
140 4
140 3
150 4
270 5
150 2
160 4
160 2
280 5
170 4
170 2
180 4
10 3
180 2
290 4
20 4
30 4
190 4
40 3
190 2
50 3
200 4
300 5
60 4
70 4
200 2
210 5
80 4
10 2
20 2
90 3
30 3
210 2
220 5
40 3
100 3
50 3
60 3
220 2
110 3
10 6
70 3
20 4
230 4
30 4
80 3
120 3
10 3
40 4
20 3
230 2
90 3
30 3
50 4
130 3
40 3
100 3
240 4
60 4
50 3
70 4
240 2
110 3
60 3
80 4
140 3
70 2
120 3
250 5
90 4
250 2
80 2
150 3
130 3
100 4
90 2
160 3
140 3
110 4
260 5
260 2
100 2
120 4
170 3
150 3
110 3
130 4
180 3
270 5
270 2
160 3
140 4
120 2
190 4
170 3
130 2
150 4
280 2
280 5
200 4
180 3
140 3
160 4
290 5
150 3
170 4
190 3
290 2
210 4
160 3
220 4
200 3
300 5
180 4
170 3
300 3
210 3
230 4
190 4
180 4
220 3
240 4
200 4
190 4
210 4
200 5
230 3
250 4
220 5
210 3
240 3
260 3
230 5
220 5
250 3
270 3
230 5
240 5
260 3
280 4
240 4
250 5
270 3
10 3
250 4
20 3
290 4
260 5
30 3
40 3
280 3
50 3
260 4
270 5
60 2
300 4
70 2
290 3
270 4
280 5
80 2
90 2
300 3
100 2
290 5
280 4
110 2
120 2
300 5
10 6
290 4
20 6
130 2
30 6
40 6
140 2
50 6
300 4
60 6
150 2
70 6
160 1
80 6
170 1
90 6
100 6
180 1
110 6
120 6
190 1
130 6
200 1
140 6
210 1
150 6
220 2
160 6
170 6
230 1
180 6
240 2
190 6
250 2
200 6
10 4
20 5
10 4
30 5
20 3
40 5
30 3
260 2
210 6
50 5
40 3
60 5
50 4
60 4
220 6
70 5
270 2
70 4
80 5
80 4
90 5
230 6
280 2
90 4
100 5
100 4
110 5
240 6
290 2
110 4
120 5
120 4
250 6
130 5
300 2
130 4
140 5
260 6
140 4
150 5
150 4
160 5
270 6
160 4
170 5
280 6
170 4
180 5
180 4
290 6
10 2
190 4
190 5
10 4
20 2
20 3
30 2
30 3
40 2
200 4
300 6
200 5
40 4
50 2
50 4
60 2
60 3
210 4
70 2
210 5
10 3
70 3
20 3
80 2
30 3
80 3
40 3
220 4
90 2
90 3
220 5
50 4
100 2
60 5
100 3
110 2
230 4
70 5
230 5
110 3
120 2
80 5
10 4
20 4
120 3
30 3
90 6
130 2
240 4
240 5
40 3
100 6
140 2
130 3
50 3
110 6
60 3
250 4
150 2
70 4
120 6
250 5
140 3
80 4
160 2
150 3
130 7
260 5
90 3
260 5
170 2
100 3
140 7
160 3
110 3
270 5
180 2
270 5
150 7
170 3
120 3
180 3
130 3
190 2
160 7
280 5
280 5
200 2
140 3
190 3
170 7
210 2
200 4
150 4
290 5
180 7
290 4
220 2
160 4
210 4
190 6
300 5
300 4
230 2
170 4
220 4
200 6
180 4
230 4
210 8
240 2
190 4
220 8
240 4
250 2
200 4
230 8
250 3
260 2
210 3
240 8
260 3
220 3
270 2
250 8
270 3
230 3
280 2
10 2
260 8
20 2
280 3
240 3
30 2
40 2
290 2
50 2
270 8
60 2
250 3
290 3
70 2
300 2
280 8
80 2
300 3
260 3
90 2
290 8
100 2
270 3
110 2
300 8
120 2
280 3
130 2
10 1
20 2
30 2
140 2
40 2
290 3
50 2
150 3
60 2
70 2
160 2
80 1
300 3
170 3
90 2
180 3
100 2
110 2
190 3
120 2
200 3
130 1
210 3
140 1
150 1
220 3
160 1
230 3
170 1
240 3
180 1
10 5
20 5
190 1
10 4
30 5
250 3
20 3
40 5
30 2
40 2
50 5
200 1
50 2
60 5
260 3
60 2
70 5
210 1
70 2
80 5
80 2
90 5
220 1
270 3
90 3
100 5
100 2
110 5
230 1
280 3
110 3
120 5
130 5
120 3
240 1
290 3
140 5
130 3
150 5
250 1
140 3
300 3
160 5
150 3
260 1
170 5
160 3
170 3
180 5
270 1
190 5
180 3
10 1
280 1
20 2
200 5
30 3
40 4
190 3
10 3
50 3
20 3
210 5
30 3
60 3
200 4
290 1
40 3
70 3
50 3
220 4
80 3
60 3
210 3
70 3
90 2
300 1
80 3
100 2
230 5
90 3
220 4
10 3
110 3
20 4
100 3
240 5
30 4
120 3
40 4
230 4
110 3
50 5
130 3
250 4
60 4
120 3
70 4
140 3
240 5
130 3
80 4
260 4
10 2
150 3
140 3
90 4
20 2
30 2
250 5
100 4
40 2
150 3
160 3
50 2
270 4
110 4
60 2
160 3
260 5
170 3
70 2
120 4
80 2
170 3
180 3
280 4
130 4
90 2
270 5
180 3
100 2
190 3
140 4
290 4
110 2
190 3
280 5
150 4
200 3
300 4
120 2
200 3
130 2
160 4
290 5
210 3
140 2
210 3
170 4
300 5
220 3
150 2
220 3
180 4
160 2
230 3
230 3
190 4
170 2
240 3
200 5
240 3
180 2
250 3
210 5
250 3
190 2
260 3
220 5
200 2
260 3
270 3
230 4
210 2
270 3
280 3
240 4
220 2
290 3
280 3
250 4
230 2
10 13
20 8
30 3
290 3
300 3
40 2
240 2
50 3
260 4
60 2
300 3
70 3
250 3
270 4
80 2
90 2
280 4
260 3
100 2
110 2
290 4
120 2
270 2
130 2
10 3
20 3
300 4
140 2
30 3
280 2
40 3
50 3
150 2
60 3
70 3
290 2
160 2
80 3
170 4
90 3
100 3
300 2
180 4
110 3
190 4
120 3
130 3
200 5
140 3
210 5
150 3
220 5
160 3
230 5
170 3
10 5
180 3
20 4
240 5
30 5
40 5
190 3
50 5
250 4
60 5
200 3
70 5
260 5
80 5
210 3
10 3
90 5
20 3
270 5
30 3
100 5
220 3
40 3
110 6
50 3
60 3
280 5
120 6
230 3
70 3
130 6
80 3
240 3
90 3
140 6
290 4
100 3
150 6
250 3
110 3
160 6
300 5
120 3
170 7
130 4
260 3
180 7
140 3
270 3
150 3
190 7
160 3
280 3
200 8
170 3
10 9
20 5
10 5
30 4
40 5
210 8
20 5
180 3
290 3
50 7
30 5
60 6
40 5
190 3
70 7
50 7
220 8
300 3
80 7
60 7
200 3
70 7
90 7
230 8
80 7
100 7
210 3
90 7
110 7
240 8
100 6
120 9
10 5
20 5
220 3
110 5
30 5
130 10
40 5
250 8
50 6
120 6
140 10
230 3
60 6
130 6
260 8
70 6
150 10
80 6
140 6
240 3
90 6
160 9
270 8
150 6
100 6
170 10
250 3
110 6
160 6
10 3
280 8
20 4
260 3
180 10
120 6
30 4
170 7
40 4
130 6
190 9
270 3
50 3
290 8
180 7
60 3
140 6
70 3
200 9
280 3
80 4
150 6
190 7
300 8
210 9
160 6
90 5
290 3
200 7
100 6
220 9
170 6
300 3
110 6
210 7
230 8
180 6
120 6
220 7
130 6
190 6
240 8
140 6
230 7
200 6
250 8
150 6
210 6
160 7
240 7
260 8
170 8
220 6
250 7
270 9
180 8
230 6
190 8
260 7
280 9
240 6
200 8
270 7
210 8
290 9
10 4
250 6
20 4
220 8
30 5
40 5
280 7
260 6
50 5
300 10
60 5
230 8
70 5
290 7
270 6
80 5
240 8
90 6
100 6
300 7
280 6
110 6
250 8
120 6
290 6
10 1
260 8
20 3
130 6
30 2
40 2
300 6
140 6
50 2
270 8
60 2
150 6
70 2
280 7
80 2
160 6
90 2
170 5
100 2
290 7
110 2
180 5
120 2
300 7
190 5
130 1
140 1
200 5
150 1
210 5
160 1
220 5
170 1
230 5
180 1
10 3
20 4
30 4
40 4
240 5
190 1
50 4
60 4
200 1
70 4
10 6
250 5
20 6
80 4
30 6
90 4
210 1
40 4
100 4
260 5
50 5
110 4
60 5
220 2
270 5
70 5
120 4
80 5
230 2
90 5
280 5
130 4
100 7
140 4
110 7
240 2
290 5
150 4
120 8
250 2
130 6
160 4
300 5
140 7
170 4
260 2
150 6
180 4
160 6
270 2
190 4
170 6
200 4
280 2
180 6
10 3
20 3
30 3
210 4
190 7
40 3
290 2
50 3
60 3
220 4
200 7
70 3
10 4
80 3
300 2
20 2
30 2
210 7
90 3
230 4
40 2
50 2
100 3
220 6
60 2
240 4
110 3
70 2
120 3
80 2
230 6
250 4
90 2
130 3
100 2
10 3
240 6
140 3
20 2
110 2
260 4
30 2
40 2
150 3
120 2
50 2
250 6
60 2
160 3
270 4
130 3
70 2
170 3
140 3
80 2
260 6
280 4
90 2
150 3
180 3
100 2
10 1
270 5
20 2
290 4
110 2
30 3
190 3
160 3
40 2
120 2
50 2
200 3
170 3
280 5
60 2
130 2
300 4
70 2
180 3
140 2
80 3
210 3
150 2
90 3
290 5
190 3
220 3
100 3
160 3
300 5
170 3
110 3
230 3
200 3
180 3
120 4
190 3
240 3
130 4
210 3
200 3
140 4
250 3
220 3
210 3
150 4
220 4
230 3
160 4
260 3
170 4
230 4
270 3
240 3
180 4
240 4
280 3
190 4
250 3
250 4
200 5
290 3
260 3
260 3
10 2
20 1
210 6
30 2
270 3
270 4
300 3
40 5
50 3
220 5
60 3
280 4
280 3
70 3
80 4
230 6
90 5
290 4
290 3
100 6
240 6
110 6
120 6
300 3
300 3
250 6
130 6
10 3
20 4
140 6
30 4
260 6
40 4
150 6
50 5
60 5
270 6
160 6
70 5
80 5
170 6
90 5
280 6
180 6
100 5
110 5
190 6
290 6
120 5
130 5
200 6
300 6
140 5
210 7
150 5
10 4
20 3
160 5
30 4
220 7
40 4
50 5
170 5
60 4
230 7
70 4
180 5
80 4
240 7
90 4
190 5
100 4
250 7
10 1
20 1
110 4
200 5
30 2
40 2
120 4
260 7
50 2
210 5
130 4
60 2
270 7
70 3
140 4
220 5
80 3
150 5
90 3
280 7
230 5
100 3
160 5
110 2
290 7
240 5
120 3
170 5
130 3
250 5
300 7
180 5
140 3
190 5
150 3
260 5
160 3
200 5
270 5
170 4
210 5
10 4
280 5
180 5
20 4
220 5
30 4
40 4
190 4
50 4
230 5
60 4
290 5
70 4
200 4
80 4
240 5
90 4
300 5
210 6
100 4
10 3
250 5
20 3
110 4
30 3
220 4
40 3
10 6
120 4
260 5
50 3
20 5
30 6
230 4
60 3
130 4
40 6
50 6
70 3
140 4
270 4
80 3
60 7
240 4
90 3
70 6
150 4
80 6
100 3
280 5
90 6
250 5
160 4
110 3
100 6
120 3
170 4
110 6
290 5
260 5
130 3
120 6
180 4
140 3
130 6
270 4
300 5
190 4
140 6
150 3
200 4
280 4
160 3
10 2
150 6
20 2
30 2
210 4
290 4
40 2
170 3
160 6
50 3
220 4
60 3
180 3
170 6
70 4
300 5
80 4
190 3
180 6
90 4
230 4
100 3
200 3
190 6
110 4
240 5
120 3
210 3
200 6
250 5
130 4
220 3
210 6
140 5
260 5
150 5
230 3
220 6
160 5
270 5
240 3
230 6
170 4
180 5
280 5
240 6
250 3
190 5
250 6
10 2
20 2
200 5
260 3
290 5
30 2
40 3
50 3
210 5
260 6
270 3
60 2
70 2
300 4
220 5
80 2
270 6
280 3
90 2
100 2
230 5
280 6
110 2
290 3
240 4
120 2
290 6
130 2
250 4
300 3
140 2
300 6
150 2
260 4
10 4
20 3
30 3
160 2
270 4
40 3
50 3
170 2
60 3
280 4
70 3
180 2
80 3
90 4
290 4
190 2
100 4
200 2
110 3
300 4
120 3
210 2
130 3
140 3
220 2
10 5
150 4
20 3
30 3
40 3
160 3
50 3
230 2
60 3
170 3
70 3
80 3
240 3
90 3
180 4
100 3
10 6
20 4
250 3
30 5
190 3
110 3
40 6
50 8
120 3
200 3
260 3
60 6
70 7
130 3
210 4
80 7
140 3
270 3
90 7
220 3
150 3
100 9
280 3
160 3
110 10
230 4
170 3
120 9
240 4
290 3
130 7
180 3
140 8
250 4
190 3
300 3
150 7
200 3
260 4
160 8
270 4
210 3
170 9
10 4
220 3
280 4
180 9
20 3
30 3
40 3
230 3
50 3
190 9
290 4
60 3
70 3
240 3
80 3
300 4
200 9
90 3
250 3
100 3
210 9
10 6
20 4
110 3
30 5
40 4
10 4
220 9
20 2
260 3
120 4
50 4
30 2
60 4
40 1
130 4
230 9
70 4
50 1
140 3
80 4
270 3
60 1
240 9
90 4
70 2
150 4
80 3
100 3
280 3
90 3
160 4
250 9
110 3
100 3
120 3
170 4
110 3
260 9
290 3
130 4
180 4
120 3
10 2
140 3
270 9
20 2
190 3
30 3
300 3
130 3
150 3
40 4
200 3
50 4
280 9
140 6
160 4
60 3
70 3
170 4
150 6
210 3
290 9
80 7
160 4
180 4
90 7
220 3
300 9
170 5
100 7
190 4
230 2
110 6
180 5
200 4
120 6
240 3
190 5
130 5
210 4
250 3
200 5
140 5
220 5
260 3
150 5
210 5
160 7
230 6
270 3
220 5
170 8
240 5
280 3
230 4
180 8
250 5
290 3
190 7
240 5
200 7
260 5
250 4
300 3
210 6
10 1
20 1
270 5
30 1
260 4
40 1
220 5
50 1
280 5
60 1
270 3
70 1
230 6
290 5
80 1
90 2
240 5
280 3
100 1
300 5
110 3
250 5
290 3
120 3
10 4
20 4
130 3
30 4
260 6
300 4
40 4
50 4
140 3
60 4
270 6
150 3
70 3
80 3
160 3
90 3
280 5
100 3
170 3
110 3
290 6
120 2
180 3
130 3
140 2
190 3
300 6
150 3
10 4
200 3
160 2
20 3
30 3
40 5
170 2
50 4
210 3
60 5
180 2
70 5
220 4
80 6
190 2
90 6
230 4
100 7
10 5
200 2
20 5
30 5
240 4
110 6
40 5
210 2
50 5
120 6
60 5
70 5
250 3
130 7
80 4
220 3
90 5
140 7
100 5
230 2
150 7
260 4
110 5
160 7
240 3
120 5
170 7
270 4
130 5
250 3
140 5
180 7
280 4
150 5
260 3
190 7
160 5
270 3
200 7
290 4
170 5
180 5
280 2
210 7
300 4
10 2
190 5
20 2
220 7
30 2
290 2
40 2
50 2
200 5
230 7
60 2
70 2
300 2
210 4
80 2
240 8
90 2
220 4
100 2
250 8
110 2
10 5
230 4
20 4
120 2
30 4
40 2
260 8
240 5
50 2
130 2
60 3
140 2
70 2
10 2
250 5
270 8
20 2
80 3
30 2
150 2
40 3
90 2
50 3
260 5
160 2
280 8
100 3
60 3
70 3
110 3
170 2
270 5
80 3
290 8
120 3
90 3
180 2
130 3
100 4
280 5
110 4
300 8
190 2
140 4
120 4
150 4
200 2
130 4
290 5
140 4
10 3
160 5
20 3
210 2
30 4
150 4
300 5
170 4
40 3
220 2
50 3
160 4
60 3
180 5
170 3
70 3
230 2
190 5
80 3
180 3
90 4
240 2
200 5
100 4
110 4
190 3
210 5
250 2
120 4
200 3
130 4
220 5
260 2
210 3
140 5
230 5
270 2
150 4
220 3
160 4
240 5
280 2
230 3
170 5
250 5
290 2
240 4
180 4
190 4
260 5
250 3
300 2
200 4
270 5
260 3
210 4
10 4
220 4
270 3
20 3
280 5
30 3
40 3
50 3
280 3
230 4
290 5
60 3
70 3
290 3
10 1
80 3
240 4
20 1
300 5
90 3
30 2
40 2
100 3
300 3
50 2
250 4
60 2
110 3
70 2
120 3
260 4
80 2
130 3
90 2
140 3
270 5
100 2
110 2
150 3
280 5
120 2
160 3
130 2
170 3
290 5
140 4
180 3
150 4
10 4
300 5
20 3
190 3
160 5
30 3
40 3
200 3
170 5
50 3
60 3
70 3
180 5
210 3
80 3
10 3
20 2
190 5
90 3
220 3
30 3
100 3
40 3
50 3
200 5
230 3
110 3
60 3
70 3
210 6
120 3
80 3
240 3
90 3
130 3
220 6
100 3
140 3
250 3
110 3
230 6
150 3
120 3
260 3
240 6
160 3
130 3
140 3
170 3
270 3
250 5
150 3
180 3
260 6
160 3
280 3
190 3
170 3
270 5
290 3
180 3
200 3
10 2
20 2
190 3
300 3
280 4
210 3
30 2
40 2
50 2
60 2
200 3
220 3
290 4
70 2
210 3
80 2
230 3
90 2
300 4
100 2
220 3
240 3
110 2
120 2
230 3
130 2
250 3
140 2
240 3
10 3
20 3
260 3
150 2
10 3
30 3
20 2
30 2
250 3
40 3
40 2
270 3
50 2
50 3
160 2
60 2
60 3
260 3
70 2
80 3
280 3
70 4
170 2
90 3
80 4
270 3
90 4
100 3
180 2
290 3
100 4
110 3
110 4
280 3
120 3
190 2
130 3
120 4
290 3
300 3
200 2
140 3
130 4
150 3
10 5
300 3
20 5
30 5
140 3
210 2
160 3
40 5
150 4
50 5
170 4
60 5
220 2
160 3
70 5
180 4
80 5
170 3
230 2
90 5
190 4
180 3
100 5
240 2
110 5
200 4
190 3
120 5
250 2
200 3
210 4
130 5
140 5
210 3
260 2
220 4
150 5
220 4
270 2
230 4
160 5
230 4
170 5
280 2
240 4
240 3
180 5
250 4
290 2
190 5
250 4
260 4
200 5
300 2
260 4
270 4
210 5
270 4
220 5
280 4
10 8
20 5
280 4
230 5
30 6
40 5
290 4
50 4
240 5
290 4
60 4
10 5
70 4
20 3
300 4
30 3
250 5
80 5
40 3
300 4
50 4
90 5
60 4
100 4
260 5
70 4
80 4
110 4
90 4
120 5
270 5
100 4
130 4
110 4
140 4
280 5
120 4
150 4
130 4
160 4
140 4
290 5
150 4
170 4
300 5
160 4
180 4
10 2
20 2
170 5
30 2
190 4
40 3
180 5
50 3
200 5
60 3
190 5
70 2
10 3
20 3
80 3
210 5
30 2
40 3
200 5
50 3
90 3
60 2
100 3
210 5
70 2
220 5
80 2
110 3
90 3
220 5
120 3
230 5
100 2
130 3
110 2
230 5
140 3
120 2
240 5
130 2
150 3
240 5
140 2
250 5
160 3
150 2
250 5
170 4
160 2
260 5
260 5
170 2
180 4
270 5
180 2
190 4
270 5
200 3
190 2
280 5
280 5
210 3
10 4
200 2
20 4
30 4
40 4
290 5
220 4
210 2
50 4
290 5
60 4
70 4
230 4
220 2
300 5
80 4
300 5
90 4
230 3
240 4
100 4
110 4
240 2
250 4
120 5
250 3
130 5
260 4
10 1
20 1
10 5
140 5
30 1
260 3
20 5
40 1
30 5
270 4
150 5
40 4
50 2
50 4
270 3
60 2
160 5
60 4
70 2
70 4
280 4
80 2
170 5
80 4
280 3
90 2
90 4
100 2
180 5
290 4
100 4
110 2
110 4
290 3
120 2
190 5
120 4
300 4
130 2
130 4
200 5
300 4
140 2
140 4
210 5
150 2
150 4
220 5
160 2
10 3
160 4
20 4
30 3
170 2
40 3
170 4
230 5
50 3
180 2
60 3
180 4
70 3
80 3
190 2
240 5
190 4
90 3
100 3
200 2
200 4
110 3
250 5
120 3
210 2
210 4
260 5
130 3
140 3
220 4
220 2
270 5
150 3
230 2
230 4
160 3
280 5
240 2
170 3
240 4
290 5
250 2
180 3
250 4
190 3
300 5
260 2
260 4
200 3
270 4
270 2
210 3
280 4
220 3
280 2
290 4
10 5
230 3
20 2
290 2
30 3
10 5
20 3
40 3
240 3
30 3
50 3
300 4
40 3
300 2
60 4
50 5
250 3
70 4
60 5
80 5
70 5
260 3
90 6
80 5
100 6
90 5
270 3
110 6
100 5
110 5
120 6
280 3
120 6
130 6
130 6
140 6
290 3
140 6
150 6
150 6
300 3
160 6
160 6
170 6
10 3
20 3
170 6
10 4
20 4
30 3
30 5
40 3
180 6
40 5
180 6
50 3
50 5
60 3
60 5
190 6
70 3
70 5
190 6
80 5
80 4
200 6
90 5
90 4
200 6
100 5
100 3
210 6
210 6
110 4
110 5
120 3
120 5
220 6
130 3
220 6
130 5
230 6
140 4
230 6
140 5
150 4
240 6
150 5
240 6
160 4
160 5
250 6
170 4
250 6
170 5
260 6
180 5
180 5
260 6
190 5
270 6
190 5
270 6
200 5
280 6
200 5
10 2
20 2
210 5
280 6
30 2
210 5
40 2
290 6
50 3
220 5
60 2
220 5
290 6
70 3
300 6
80 3
230 5
90 3
230 5
300 6
100 3
240 5
110 3
240 5
120 3
250 4
250 5
130 3
10 2
20 2
260 4
140 3
10 3
30 2
260 5
20 3
40 2
30 3
50 2
150 3
40 3
50 4
60 2
270 4
60 3
70 2
270 5
160 3
70 3
80 2
80 3
90 2
280 4
90 3
170 3
280 5
100 2
100 3
110 2
180 3
290 4
110 3
290 5
120 2
190 3
130 2
120 3
300 4
300 5
200 3
140 2
130 3
150 2
140 3
210 5
10 1
160 2
20 1
150 3
30 1
220 6
160 3
40 1
170 2
50 1
230 6
170 3
60 1
180 2
70 1
180 3
80 1
240 6
190 2
90 1
190 3
100 1
200 2
200 3
250 5
110 1
210 3
210 3
120 1
260 6
220 3
130 1
220 3
140 1
230 3
270 5
230 3
150 2
240 3
160 1
240 3
280 6
170 2
250 3
250 3
180 2
290 6
260 3
260 3
190 2
300 5
270 3
200 2
270 3
210 3
280 3
280 3
220 3
290 3
290 3
10 3
230 3
20 3
300 3
30 3
10 1
40 2
20 2
300 3
240 3
50 2
30 0
60 2
40 0
50 0
70 2
250 3
80 2
60 0
90 3
70 0
100 2
80 0
260 3
90 0
110 3
100 0
120 4
270 3
110 1
130 4
120 1
140 5
280 3
130 1
150 4
140 1
160 4
290 3
150 1
10 4
170 4
20 5
10 4
20 3
160 1
30 4
300 3
30 3
40 4
180 5
40 5
170 1
50 4
50 5
60 4
60 6
190 5
70 4
180 1
70 6
80 4
80 6
200 5
90 4
190 1
90 6
100 4
200 2
100 6
210 5
110 4
110 6
210 2
120 4
220 7
120 6
130 4
220 2
230 6
130 6
140 4
140 6
230 2
240 6
150 4
150 6
240 2
250 5
160 4
160 6
250 2
170 4
170 6
260 8
180 4
180 6
260 2
270 5
190 4
190 6
270 2
280 4
200 4
200 6
280 2
290 4
210 4
210 6
10 3
20 3
290 2
220 4
300 4
30 3
220 6
40 3
50 3
60 3
230 4
300 2
230 6
70 3
80 3
240 4
90 3
240 6
10 3
20 3
100 3
30 3
250 4
40 3
110 3
250 6
10 3
50 3
20 3
120 3
60 3
30 3
40 4
70 3
260 6
130 3
260 4
50 4
80 3
60 3
140 3
90 3
270 6
70 3
100 3
150 3
270 4
110 3
80 3
160 3
280 6
90 2
120 3
100 2
280 4
170 3
130 3
110 2
290 6
180 3
140 3
120 2
290 4
190 3
300 6
130 3
150 3
140 3
200 3
160 3
300 4
150 4
210 3
170 3
10 3
160 3
20 3
30 3
170 3
220 3
40 3
180 3
50 3
60 3
180 5
190 3
230 3
70 3
80 3
190 5
200 3
240 3
90 3
200 4
210 3
100 3
250 3
110 3
210 4
220 3
120 3
220 4
260 3
130 3
230 3
230 4
140 3
240 3
270 3
150 3
240 4
250 3
160 3
280 3
250 4
170 3
260 3
260 4
290 3
180 3
270 3
190 3
270 4
300 3
280 3
200 3
280 4
290 3
210 3
290 4
10 3
20 3
300 3
220 3
30 3
40 3
300 3
50 3
10 3
230 3
20 4
60 3
30 4
40 4
70 3
50 4
60 4
80 3
240 3
70 4
90 3
80 4
100 3
90 4
250 3
100 4
110 3
110 4
120 3
260 3
120 4
130 3
130 4
140 3
270 3
140 4
150 3
150 3
280 3
160 3
10 3
20 3
160 5
30 3
170 3
40 3
290 3
50 3
170 4
180 3
60 3
70 3
10 4
20 5
190 3
180 4
80 3
30 5
300 3
40 5
90 3
200 3
50 5
100 3
190 4
60 5
210 3
70 5
110 3
80 5
200 5
120 3
90 5
220 3
100 5
210 5
130 3
230 3
110 5
140 3
220 5
120 5
240 3
150 3
130 5
230 5
250 3
140 6
160 3
260 3
170 3
150 5
240 5
160 5
180 4
270 3
250 5
190 3
170 6
200 3
280 3
260 6
180 5
210 3
190 5
290 3
270 5
220 3
200 5
300 3
230 4
210 5
280 5
10 4
20 5
30 5
240 4
220 5
40 5
290 5
50 5
60 4
230 5
70 4
250 4
10 3
300 5
10 3
20 3
80 4
20 3
30 3
30 3
90 5
40 3
240 5
260 4
40 3
50 3
50 3
100 5
60 3
60 3
110 4
70 3
70 3
250 6
270 4
120 4
80 3
80 3
130 5
90 3
90 3
260 5
280 4
100 3
140 4
100 3
110 3
110 3
150 5
290 4
270 6
120 3
120 3
160 5
130 3
130 3
170 5
280 5
300 4
140 3
140 3
180 5
150 3
150 3
290 5
160 3
160 3
190 5
300 6
170 3
170 3
200 5
10 3
180 3
180 3
20 3
30 3
210 5
40 3
190 3
190 3
50 3
60 3
200 3
70 3
220 5
200 3
80 3
90 3
210 3
210 3
230 5
100 3
220 3
110 3
220 3
240 5
230 3
120 3
130 3
230 3
250 5
240 3
140 3
150 3
240 3
260 5
250 3
160 3
250 3
170 3
270 5
260 3
180 3
260 3
270 3
190 3
280 5
200 3
270 3
280 3
290 6
210 3
280 3
10 5
220 3
300 6
290 3
20 3
30 4
40 4
50 4
290 3
230 3
300 3
60 4
70 4
300 3
80 4
240 3
90 4
100 4
10 3
250 3
20 3
110 4
30 3
40 4
120 4
50 4
60 4
260 3
130 5
70 4
140 5
80 4
150 5
270 3
90 3
100 3
160 5
110 3
280 3
170 5
120 3
180 5
10 3
20 2
130 3
30 2
290 3
190 4
40 3
50 3
140 3
60 3
200 4
70 3
150 3
10 5
300 3
80 3
20 5
90 3
160 3
30 5
210 4
40 5
100 3
50 5
170 3
220 4
110 3
60 5
70 5
120 3
180 3
80 5
130 3
90 5
230 4
190 3
140 3
100 5
110 5
240 4
150 3
200 3
120 5
130 5
160 3
210 3
250 4
140 5
170 3
220 3
150 5
180 3
260 4
160 5
230 3
190 3
170 5
270 4
240 3
180 5
200 3
280 5
250 3
190 5
210 3
200 5
290 4
260 3
220 3
210 5
300 4
270 3
220 5
230 3
280 3
230 5
240 3
240 5
290 3
250 3
10 5
20 4
30 5
250 5
40 5
260 4
50 5
300 3
60 5
10 4
10 2
20 4
20 1
260 5
70 4
30 4
30 1
270 3
40 4
50 4
40 1
80 4
50 1
60 4
90 3
270 5
60 1
70 4
100 3
280 3
70 1
80 4
110 2
80 1
90 4
280 5
90 1
120 2
100 4
290 4
100 1
130 2
110 4
110 1
290 5
140 2
120 4
120 1
300 4
130 3
150 2
130 1
300 6
140 4
160 3
150 5
140 1
170 3
180 3
150 1
160 5
160 1
190 3
170 4
170 1
180 4
10 1
200 4
20 2
30 4
180 1
40 4
190 4
210 4
50 3
190 1
60 3
70 3
200 4
220 4
200 1
80 3
90 3
210 1
210 5
230 4
100 3
110 4
220 4
220 1
240 5
120 5
230 4
130 5
230 1
250 4
140 5
240 4
150 6
240 1
260 4
160 7
250 4
250 1
270 4
170 8
260 4
260 1
180 7
280 4
270 4
190 8
270 1
290 4
280 4
200 9
10 0
20 0
280 1
30 0
40 0
210 7
300 4
290 4
50 0
60 0
290 1
220 6
70 0
80 0
300 4
230 7
300 1
90 0
100 0
240 8
110 0
10 4
20 4
250 6
120 0
30 4
40 4
130 0
50 4
260 6
60 4
140 0
70 4
150 0
270 7
80 4
90 4
160 0
100 4
280 8
110 4
170 0
10 4
120 4
20 4
180 0
30 4
290 8
40 4
130 4
10 4
20 3
50 4
190 0
300 7
30 3
140 4
60 6
40 3
70 5
50 3
200 0
150 4
80 4
60 2
70 2
90 6
210 1
160 4
80 2
100 6
90 2
110 6
170 4
220 1
100 2
120 7
180 4
110 2
230 1
130 7
190 4
120 2
140 7
240 2
130 2
150 7
200 4
140 3
160 7
250 2
210 4
150 3
170 7
260 2
220 4
160 3
180 7
170 3
230 4
270 2
190 7
180 3
240 4
280 2
200 7
190 3
210 7
200 3
250 4
290 2
220 7
210 3
260 4
300 2
230 7
220 3
270 4
230 3
240 7
280 4
10 5
20 5
240 3
250 8
30 4
40 4
290 4
50 4
250 3
10 3
260 8
60 4
20 3
300 5
30 3
70 5
40 3
10 2
20 2
50 3
260 3
30 2
80 5
270 8
60 3
40 2
50 2
90 5
70 3
60 2
100 4
80 3
70 2
270 3
280 8
110 4
90 3
80 2
90 2
100 3
120 4
280 3
290 8
100 2
110 3
130 4
120 3
110 2
290 3
140 4
130 3
300 8
120 2
150 3
140 3
130 2
150 3
300 3
160 4
140 2
170 4
160 3
150 2
10 3
180 4
20 3
170 3
160 2
30 3
40 3
190 4
180 3
50 3
170 2
60 2
200 4
70 2
190 3
180 2
80 2
210 4
90 2
200 3
190 2
100 2
220 4
110 2
210 3
200 2
230 4
120 2
210 2
220 3
130 2
240 4
220 3
140 2
230 3
150 2
250 3
230 3
240 3
160 3
260 3
170 3
250 3
240 3
180 3
270 3
250 2
260 3
190 3
280 3
200 4
260 2
270 3
210 4
290 4
270 2
10 12
280 3
220 4
20 5
30 4
300 4
40 2
280 2
230 4
50 4
290 3
60 3
70 3
240 4
290 2
80 2
300 3
90 2
250 4
300 2
100 2
10 1
20 1
110 3
30 1
260 4
40 1
120 3
50 2
60 2
130 3
270 4
70 2
80 2
140 3
90 4
150 3
100 4
280 4
110 3
160 4
10 2
120 5
20 1
130 5
290 3
30 2
170 4
40 2
50 2
140 6
60 2
70 2
180 4
10 6
150 6
20 6
300 3
80 2
30 5
90 2
160 5
190 4
40 7
100 2
50 8
170 6
60 8
110 2
200 4
70 7
180 6
120 2
80 8
210 6
90 8
130 2
190 6
100 8
140 2
110 8
220 5
200 6
150 2
120 8
230 5
130 9
160 2
210 4
140 9
240 4
170 2
220 5
150 9
180 2
250 3
230 6
160 9
190 2
170 9
240 6
260 2
180 9
200 2
250 5
270 2
190 9
210 2
260 5
280 2
200 9
220 2
270 5
210 9
290 3
230 2
280 5
220 9
300 3
240 3
290 6
230 10
250 3
300 6
240 10
10 1
20 1
260 3
30 2
250 10
40 3
50 3
10 6
60 3
270 3
20 5
260 10
70 3
30 5
40 5
80 3
10 3
50 5
280 3
20 3
60 5
90 3
270 10
30 3
40 4
70 5
100 3
50 4
80 5
60 3
110 3
280 10
290 2
90 5
70 3
120 3
100 5
80 3
110 5
130 3
90 3
300 2
290 10
100 3
120 5
140 3
110 4
130 5
150 3
300 9
120 4
140 5
160 3
150 5
130 4
170 3
160 5
140 4
170 5
180 3
180 5
150 4
10 3
20 5
30 5
190 3
190 5
160 4
40 6
50 8
60 6
170 4
200 5
200 3
70 8
180 4
80 6
210 3
210 5
90 7
190 4
100 8
220 3
220 5
200 4
110 7
230 3
120 7
210 4
230 5
130 8
240 3
140 8
220 4
240 5
150 8
250 3
230 4
160 8
250 5
240 4
260 3
170 8
260 5
250 4
180 9
270 3
270 5
260 4
280 3
190 7
280 5
270 4
10 2
200 7
20 2
30 2
290 3
40 2
210 7
280 4
50 2
290 5
60 2
70 2
300 3
220 7
290 4
80 2
300 5
90 2
10 5
230 7
20 6
100 2
300 4
30 7
40 7
110 2
240 7
50 7
120 2
60 7
250 7
70 7
130 2
80 7
140 2
260 7
90 7
150 2
100 7
110 7
160 2
270 7
10 1
120 7
20 1
30 1
170 2
130 7
40 1
280 7
50 1
140 7
60 1
180 2
70 1
290 7
150 7
190 2
80 1
10 3
20 2
160 7
30 3
90 1
200 3
40 3
170 7
100 1
50 3
300 7
110 1
60 3
180 7
210 2
70 3
120 1
190 7
80 3
130 1
220 2
200 7
90 2
140 1
210 7
100 2
230 2
150 2
110 2
160 4
220 7
240 2
120 2
170 3
130 2
230 7
180 2
140 2
250 2
240 7
150 3
190 2
260 2
160 3
250 6
200 2
270 2
170 2
260 6
180 2
210 3
280 2
190 2
270 6
220 3
290 2
200 2
280 6
230 4
210 3
300 2
290 6
240 3
220 2
230 3
250 3
300 6
240 3
10 1
20 3
260 3
30 2
40 3
250 3
50 2
270 3
10 6
60 2
20 5
30 5
70 2
260 3
40 6
80 2
50 7
280 3
90 3
10 2
60 6
270 3
20 3
100 4
70 5
30 3
40 3
80 5
110 3
50 3
290 2
60 3
280 3
90 6
70 3
120 3
130 3
100 7
80 3
290 3
140 3
300 2
110 6
90 3
150 4
120 7
100 4
300 3
130 7
110 4
160 5
120 4
140 6
170 5
130 4
150 6
180 5
140 4
160 6
10 4
190 5
20 4
30 4
150 4
170 6
40 4
50 4
200 5
60 4
160 4
180 6
70 4
80 4
210 6
170 4
90 4
190 7
100 4
220 5
180 4
200 7
110 4
120 4
190 4
230 5
210 7
130 4
200 4
220 8
240 5
140 4
230 9
210 4
150 4
250 5
160 4
240 9
220 4
260 5
170 4
250 8
230 4
180 4
270 5
260 7
240 4
190 4
280 5
200 4
270 7
250 4
210 4
260 4
290 5
10 4
280 7
20 4
30 4
220 4
40 4
50 4
270 4
300 5
10 6
20 6
60 4
290 6
230 4
30 4
70 4
40 4
280 4
80 4
50 4
300 6
90 4
240 4
60 3
100 4
70 3
290 4
250 4
80 4
110 4
90 5
120 4
300 4
100 6
260 4
130 4
110 6
140 4
120 5
270 4
150 4
130 3
160 4
140 4
280 4
170 4
10 4
150 4
20 4
180 4
30 5
40 5
10 1
160 4
290 4
190 4
20 0
50 4
30 0
170 4
60 4
40 2
200 4
70 4
50 1
300 4
80 4
180 4
60 2
210 4
90 4
70 2
190 4
100 4
80 1
90 1
220 4
110 4
100 2
200 4
120 4
110 1
230 4
130 4
210 4
120 1
140 4
240 4
150 4
130 4
220 4
250 4
160 4
140 4
230 4
170 4
150 4
260 4
160 3
240 4
180 4
170 3
270 4
190 4
250 4
180 3
200 4
280 4
260 3
190 3
210 4
290 4
270 4
200 4
220 4
210 3
280 4
300 4
230 5
220 3
290 4
240 5
230 4
300 4
250 5
240 4
10 5
20 5
30 5
260 5
40 5
250 4
50 5
60 5
270 5
70 5
10 4
260 3
20 4
30 4
80 5
280 5
40 4
90 5
50 4
10 4
270 3
20 5
60 4
100 5
290 5
30 3
40 4
70 4
110 5
50 3
80 4
60 4
120 5
300 5
280 3
90 4
70 3
130 5
80 4
100 4
90 5
140 5
290 4
110 4
100 5
150 5
120 4
110 5
160 5
300 4
130 4
120 5
130 7
140 4
170 5
150 4
140 7
180 5
160 4
150 7
10 1
190 5
20 1
170 4
30 2
160 7
40 1
200 5
50 2
180 4
170 7
60 1
180 7
190 4
210 5
70 1
80 1
190 7
200 4
220 5
90 1
200 7
210 4
100 1
230 5
110 1
210 8
220 4
120 1
240 5
220 7
230 4
130 1
250 5
140 1
230 8
240 4
150 1
260 5
240 8
160 1
250 4
270 5
250 8
170 1
260 4
280 5
180 1
260 9
270 4
190 1
290 5
270 7
200 1
280 4
300 5
210 1
290 4
10 2
280 7
20 1
10 7
30 2
220 2
20 7
40 2
30 5
300 4
50 2
40 5
290 8
60 2
50 5
70 2
230 2
60 5
80 2
70 6
300 8
90 2
80 6
240 3
100 2
90 6
250 3
100 6
110 2
260 3
110 6
120 2
120 6
130 2
130 6
270 3
140 2
140 6
150 2
10 2
20 2
150 6
30 3
280 3
160 3
40 3
160 6
50 3
170 3
60 2
170 6
290 3
70 2
180 3
10 2
80 2
180 6
20 3
30 3
190 3
300 3
40 3
90 2
190 6
50 2
100 2
60 2
200 3
70 2
110 2
200 6
80 2
120 3
210 3
90 2
210 6
130 4
100 2
220 3
140 4
110 3
220 6
150 4
120 3
230 3
160 3
130 2
230 6
240 2
140 2
170 3
240 6
150 3
180 4
250 3
160 3
250 7
190 4
260 3
170 4
200 4
260 7
270 2
180 4
210 3
270 7
280 3
190 4
220 3
280 7
200 4
290 2
230 2
210 4
240 1
290 7
300 2
220 4
10 3
20 4
250 1
30 5
300 7
40 5
230 4
50 5
260 3
60 3
70 4
10 5
240 4
20 5
80 4
30 4
270 3
40 5
250 3
90 5
50 4
100 4
60 4
70 4
280 2
260 4
110 4
10 3
80 4
20 3
120 5
270 3
30 3
90 4
290 2
40 3
130 5
100 4
50 3
60 4
280 4
140 6
110 4
300 2
70 4
120 4
80 3
150 6
290 4
90 3
130 4
160 6
100 3
110 3
140 4
300 4
170 6
120 3
150 4
130 3
180 7
160 4
140 3
190 7
170 4
150 3
10 3
20 3
200 7
30 4
180 4
160 3
40 4
210 7
170 3
50 3
60 3
190 4
220 6
180 4
70 3
80 3
200 4
190 4
90 3
230 6
100 3
210 4
200 4
110 3
240 5
120 2
220 4
210 4
130 2
250 6
230 4
220 4
140 2
240 4
260 5
150 2
230 4
160 2
250 4
270 5
240 4
170 2
260 4
280 6
250 4
180 2
190 2
270 4
290 6
260 4
200 2
280 4
300 6
270 4
210 3
290 5
10 4
280 4
20 5
220 3
30 5
40 5
50 5
290 4
300 5
10 4
230 3
60 5
20 4
30 4
70 5
240 3
40 4
80 5
300 4
50 4
60 4
90 5
250 3
70 4
100 5
80 4
260 3
110 5
90 4
120 5
100 4
270 3
130 5
110 4
10 5
140 5
20 3
120 4
30 3
280 3
40 4
130 4
150 5
50 3
60 3
160 5
140 4
70 3
290 3
80 3
170 5
150 4
90 4
160 4
10 2
100 4
300 3
180 5
20 2
30 2
110 4
40 2
190 5
170 4
50 2
120 4
60 2
180 4
130 4
200 5
70 2
190 4
80 2
140 4
210 5
90 2
150 3
200 4
100 2
220 5
160 3
110 2
210 4
120 2
170 4
230 5
220 4
130 2
180 4
230 4
140 2
190 4
240 5
200 4
150 2
240 4
250 5
160 2
210 4
250 4
170 2
260 4
220 3
180 2
260 4
270 5
230 3
190 2
270 4
240 4
280 5
200 3
280 4
210 3
250 4
290 5
290 4
220 3
10 4
20 4
260 3
300 4
30 4
40 4
300 4
230 3
50 4
270 3
60 4
70 4
240 3
80 4
280 3
90 4
10 5
20 3
250 3
100 4
30 3
40 3
290 3
110 3
50 4
10 3
60 4
260 3
120 3
20 3
30 3
70 4
300 3
40 3
130 3
80 3
50 3
270 3
60 3
90 3
140 4
70 3
100 3
150 4
80 3
110 3
280 4
90 3
160 3
120 5
100 3
170 3
130 5
110 3
290 4
140 5
120 3
180 3
130 3
300 3
150 5
190 4
140 3
160 5
200 4
150 3
170 5
10 3
210 4
20 1
180 5
160 3
30 1
40 1
170 3
190 5
50 2
220 4
60 2
180 3
70 2
200 5
230 4
80 3
190 3
210 5
90 5
240 4
100 3
200 3
220 5
110 2
250 4
210 3
120 5
230 5
260 4
130 4
220 3
240 5
140 4
270 4
230 3
150 5
250 5
160 4
240 3
280 4
170 4
260 5
250 3
180 5
290 4
270 5
260 3
190 5
300 4
280 5
270 3
200 4
290 5
210 4
280 3
10 3
20 2
30 3
10 3
40 4
20 4
290 3
300 5
220 4
50 3
30 4
60 3
40 4
70 3
50 4
230 4
300 3
80 3
60 4
70 4
90 3
80 4
240 5
100 3
90 4
110 3
100 4
250 5
120 3
10 2
110 4
20 2
130 5
30 2
40 2
120 4
260 5
50 2
140 5
130 4
60 2
70 2
150 5
140 4
270 5
80 2
90 2
150 4
160 5
100 2
280 5
160 5
170 5
110 2
10 3
120 2
170 5
20 2
290 5
180 6
130 2
30 2
40 2
50 2
180 4
140 2
190 6
300 5
60 2
150 2
70 2
190 5
200 6
80 2
160 2
90 2
200 5
100 2
210 6
170 2
110 2
210 5
180 2
220 6
120 2
190 3
130 2
220 5
230 6
140 2
200 3
240 6
230 5
150 2
210 3
160 2
250 6
220 3
240 5
170 2
230 3
260 6
250 5
180 3
240 4
270 6
260 5
190 3
250 4
200 4
280 6
270 5
260 4
210 4
290 6
280 5
10 3
220 4
270 3
300 6
20 4
30 4
290 5
40 4
280 3
50 4
230 3
60 4
300 5
70 4
290 3
240 3
80 4
10 3
90 4
20 5
30 4
300 3
250 3
100 4
40 4
10 3
50 4
110 4
20 3
60 4
30 3
120 4
260 3
40 3
70 4
50 3
130 4
80 4
60 3
270 3
70 3
140 4
90 4
80 3
100 5
150 4
90 3
280 3
100 3
110 4
110 3
160 4
290 3
120 5
120 3
130 5
170 4
130 3
300 3
140 5
180 4
140 3
150 5
150 3
190 4
160 5
160 4
200 4
170 3
170 5
210 4
10 4
180 4
180 4
20 3
30 3
40 3
220 4
190 4
50 3
190 4
60 4
200 5
200 4
70 3
230 4
80 3
210 5
210 4
90 3
240 4
100 3
220 5
220 4
110 3
250 4
230 5
120 3
230 4
260 4
130 3
240 5
140 3
270 4
240 4
150 3
250 6
160 3
250 4
280 4
170 3
260 8
260 4
290 4
180 3
270 8
270 4
190 3
300 4
280 7
200 3
10 5
280 4
20 6
30 6
290 7
210 3
40 6
50 6
290 4
60 6
220 3
300 8
10 3
70 6
20 3
30 3
230 3
80 6
300 4
40 3
90 6
50 3
100 6
60 3
240 3
70 2
110 6
80 2
120 6
90 2
250 3
130 6
100 2
140 6
110 2
260 3
150 6
120 2
130 2
160 6
270 3
140 4
170 6
150 2
280 3
180 6
10 2
20 2
160 4
30 2
40 2
190 6
50 2
170 4
60 3
290 3
70 3
200 6
80 3
180 3
90 3
300 3
210 6
190 4
100 6
110 6
220 6
200 5
120 5
210 5
230 6
130 6
140 6
220 5
240 6
150 6
230 5
160 5
250 6
240 5
170 6
260 6
180 6
250 5
190 6
270 6
260 5
200 6
270 5
280 6
210 6
280 6
220 6
290 6
290 6
230 6
300 6
240 6
300 6
250 6
10 3
20 3
30 2
40 1
260 7
50 1
60 1
70 2
270 7
80 2
90 2
280 7
100 3
110 3
120 3
290 7
130 3
300 7
140 3
150 3
160 2
170 4
180 3
190 3
200 5
210 5
10 4
20 4
30 5
220 4
40 5
50 5
60 5
230 4
70 5
80 5
240 5
90 5
100 5
250 4
110 5
120 5
260 4
130 5
140 5
270 4
150 5
160 5
280 4
170 5
290 4
180 5
190 5
300 4
200 5
10 4
20 4
30 4
210 5
40 4
50 4
60 4
220 5
70 4
80 4
230 5
90 4
100 4
240 5
110 4
120 4
250 5
130 4
260 5
140 4
150 4
270 5
160 4
170 4
280 5
180 5
290 5
190 4
300 5
200 4
210 4
220 4
230 4
240 4
250 4
260 4
270 4
280 4
290 4
300 4
