500 5.368247
500 5.187506
500 5.168896
1000 9.761919
1000 9.563885
1000 9.534787
1500 14.14540
1500 13.99383
1500 14.18870
2000 18.54887
2000 18.66919
2000 18.74602
2500 23.36712
2500 23.2561
2500 23.33689
3000 27.83935
3000 27.69748
3000 27.93783
3500 32.44555
3500 32.25631
3500 32.45062
4000 36.94509
4000 36.99483
4000 36.74459
4500 41.55132
4500 41.60023
4500 41.84106
5000 46.16844
5000 46.19017
5000 46.37589
5500 50.77505
5500 50.82107
5500 50.91053
6000 55.4814
6000 55.46996
6000 55.49853
6500 1.003208
6500 1.004467
6500 1.001740
7000 1.082714
7000 1.085380
7000 1.079393
7500 1.166213
7500 1.158579
7500 1.167091
8000 1.235716
8000 1.238956
8000 1.235798
8500 1.321492
8500 1.314549
8500 1.321273
9000 1.398395
9000 1.401749
9000 1.399934
9500 1.480646
9500 1.476905
9500 1.480175
10000 1.552375
10000 1.560733
10000 1.553961
10500 1.639991
10500 1.634952
10500 1.638792
11000 1.715767
11000 1.717593
11000 1.720175
11500 1.792649
11500 1.795560
11500 1.797204
12000 1.87515
12000 1.871157
12000 1.878504
12500 1.947779
12500 1.946081
12500 1.95323
13000 2.033375
13000 2.028945
13000 2.035804
13500 2.075548
13500 2.07747
13500 2.081582
14000 2.158484
14000 2.151765
14000 2.154773
14500 2.232334
14500 2.240482
14500 2.234621
15000 2.30854
15000 2.313068
15000 2.310141
15500 2.398183
15500 2.393909
15500 2.389918
16000 2.469608
16000 2.451539
16000 2.456317
16000 2.464361
16500 2.545921
16500 2.544663
16500 2.543804
17000 2.626744
17000 2.616338
17000 2.622337
17500 2.695617
17500 2.701423
17500 2.698012
18000 2.786452
18000 2.781610
18000 2.782825
18500 2.858100
18500 2.855199
18500 2.86436
19000 2.934610
19000 2.940920
19000 2.938488
19500 3.007045
19500 3.014966
19500 3.012382
20000 3.084501
20000 3.090516
20000 3.101059
