500 1.357469
500 1.3523
500 1.383382
1000 2.64319
1000 2.712475
1000 2.71436
1500 3.964647
1500 4.014352
1500 4.139631
2000 5.577294
2000 5.414725
2000 5.280191
2500 6.610755
2500 6.585748
2500 6.571666
3000 7.937703
3000 7.941723
3000 7.925557
3500 9.276264
3500 9.276659
3500 9.263361
4000 10.62666
4000 10.58000
4000 10.65685
4500 11.94069
4500 11.98815
4500 11.92368
5000 13.38562
5000 13.22392
5000 13.24341
5500 14.69234
5500 14.73074
5500 14.73303
6000 16.59304
6000 16.05067
6000 16.08370
6500 17.39051
6500 17.6068
6500 18.05952
7000 19.04121
7000 19.50537
7000 18.84679
7500 20.18692
7500 20.22869
7500 20.49274
8000 22.37536
8000 21.69626
8000 21.73649
8500 23.34614
8500 23.76126
8500 23.14066
9000 24.53245
9000 24.49800
9000 24.47878
9500 26.31763
9500 26.85432
9500 26.23488
10000 28.27788
10000 27.36991
10000 27.38019
10500 29.12763
10500 29.78669
10500 29.02737
11000 30.59543
11000 30.88156
11000 29.84071
11500 31.63783
11500 32.62846
11500 32.56452
12000 33.91991
12000 32.77629
12000 32.81904
12500 34.67959
12500 35.33731
12500 34.19089
13000 36.0394
13000 37.0498
13000 36.8792
13500 37.22203
13500 37.10315
13500 37.10659
14000 38.5213
14000 38.49939
14000 38.52263
14500 39.98478
14500 40.41183
14500 41.36007
15000 41.42529
15000 41.46806
15000 41.36488
15500 43.01556
15500 43.07516
15500 42.8211
16000 44.37853
16000 44.66219
16000 46.46537
16500 47.73251
16500 47.75806
16500 47.92786
17000 48.82187
17000 47.2776
17000 47.45215
17500 48.70668
17500 49.20483
17500 50.51232
18000 50.72715
18000 50.70184
18000 51.86165
18500 51.67042
18500 51.75124
18500 52.14994
19000 55.16398
19000 55.50248
19000 54.9387
19500 55.02491
19500 56.45532
19500 55.23736
20000 58.13764
20000 55.77112
20000 55.77104
