10 8
10 11
10 9
10 10
10 8
10 6
10 6
10 6
20 8
20 11
20 9
20 10
20 8
20 4
20 6
20 6
30 8
30 9
30 9
30 10
30 8
30 6
30 4
30 6
40 8
40 9
40 9
40 10
40 6
40 8
40 4
40 5
50 8
50 8
50 8
50 10
50 5
50 9
50 4
50 3
60 6
60 9
60 5
60 6
60 4
60 9
60 4
60 2
70 6
70 9
70 4
70 4
70 1
70 9
70 2
70 2
80 3
80 9
80 3
80 2
80 9
80 1
80 3
80 1
90 5
90 8
90 3
90 2
90 4
90 1
90 9
90 1
100 4
100 7
100 3
100 2
100 4
100 1
100 10
100 1
110 4
110 8
110 3
110 2
110 10
110 1
110 4
110 1
120 4
120 8
120 3
120 2
120 11
120 1
120 3
120 1
130 9
130 4
130 3
130 3
130 1
130 2
130 3
130 9
140 9
140 4
140 3
140 3
140 3
140 1
140 8
140 1
150 10
150 4
150 3
150 3
150 1
150 3
150 2
150 9
160 10
160 3
160 3
160 4
160 1
160 7
160 3
160 1
170 9
170 2
170 3
170 4
170 2
170 7
170 3
170 1
180 3
180 9
180 3
180 3
180 8
180 2
180 3
180 1
190 2
190 9
190 3
190 4
190 3
190 2
190 6
190 1
200 2
200 9
200 3
200 3
200 3
200 2
200 3
200 4
210 2
210 9
210 3
210 3
210 3
210 4
210 3
210 1
220 2
220 9
220 3
220 3
220 3
220 4
220 5
220 2
230 2
230 9
230 3
230 3
230 3
230 4
230 5
230 2
240 2
240 9
240 3
240 2
240 2
240 5
240 3
240 3
250 2
250 9
250 3
250 3
250 2
250 4
250 3
250 3
260 2
260 10
260 3
260 2
260 2
260 5
260 3
260 3
270 2
270 10
270 2
270 3
270 2
270 5
270 3
270 3
280 10
280 2
280 2
280 3
280 2
280 5
280 3
280 3
290 10
290 3
290 2
290 3
290 2
290 5
290 3
290 3
300 9
300 3
300 2
300 3
300 5
300 2
300 3
300 3
10 10
10 5
20 10
20 5
10 11
10 9
30 10
10 9
10 7
20 11
30 7
20 9
10 7
40 10
20 9
20 6
30 11
20 7
40 9
30 9
10 11
30 9
30 5
50 10
40 9
20 9
30 7
40 9
50 10
40 9
40 3
30 8
60 9
40 4
50 7
50 8
60 9
50 8
40 6
50 1
50 4
60 4
70 6
60 8
70 6
50 6
60 8
60 1
60 2
70 2
80 7
70 7
60 5
80 5
70 2
70 7
70 2
80 2
80 7
90 5
70 5
80 1
80 6
90 6
80 2
90 1
80 4
90 6
100 6
90 6
90 1
100 6
90 1
100 1
90 5
100 6
110 6
100 5
100 1
100 1
110 6
100 5
110 1
110 5
120 5
110 6
110 0
110 1
120 5
110 5
120 1
120 5
120 6
130 5
120 0
120 1
130 5
120 5
130 1
130 5
130 6
130 0
140 4
130 1
140 5
130 5
140 1
140 5
140 5
140 0
150 4
140 1
150 4
140 5
150 1
150 5
150 5
150 0
150 1
160 4
160 3
150 5
160 1
160 5
160 5
160 0
160 1
170 4
160 5
170 3
170 1
170 5
170 5
170 0
170 1
180 4
170 5
180 3
180 1
180 5
180 6
180 0
180 1
190 4
180 5
190 3
190 1
190 5
190 5
190 0
190 1
190 5
200 3
200 3
200 1
200 5
200 6
200 1
200 1
200 5
210 5
210 3
210 2
210 4
210 4
210 1
210 2
210 5
220 5
220 3
220 2
220 5
220 5
220 1
220 2
220 5
230 3
230 3
230 2
230 5
230 4
230 1
230 5
230 2
240 2
240 3
240 2
240 5
240 3
240 1
240 2
240 5
250 4
250 2
250 2
250 5
250 4
250 1
250 5
250 2
260 5
260 2
260 3
260 5
260 5
260 1
260 5
260 2
270 5
270 2
270 3
270 4
270 5
270 1
270 5
270 2
280 5
280 2
280 4
280 4
280 3
280 1
280 5
280 2
290 5
290 2
290 4
290 4
290 4
290 1
290 5
290 2
300 4
300 2
300 4
300 4
300 4
300 1
300 5
300 2
10 8
10 6
20 7
10 10
20 6
30 9
20 10
10 13
30 5
10 8
10 10
20 13
30 8
10 10
40 9
20 8
40 4
20 10
20 10
30 13
10 9
40 8
30 8
50 7
30 10
20 9
50 4
30 7
40 13
50 7
40 6
30 9
40 7
60 7
40 5
60 4
50 13
50 6
60 6
40 9
50 4
50 5
70 4
60 13
70 5
50 8
60 3
70 4
60 4
60 4
80 5
70 13
80 3
60 8
70 3
70 4
80 5
70 4
90 5
80 13
70 8
90 5
80 3
80 4
90 5
80 5
90 12
80 6
100 5
90 3
100 5
90 2
90 4
100 5
90 6
100 11
110 5
100 3
110 4
100 2
100 4
110 4
100 5
110 8
120 5
110 2
110 0
120 3
110 5
120 4
110 6
120 8
120 2
130 5
120 0
120 4
130 2
130 4
120 6
130 7
130 3
140 5
130 0
130 5
140 2
140 4
130 6
140 7
140 3
140 0
150 5
140 4
150 2
150 4
140 6
150 7
150 3
150 1
150 4
160 5
160 4
160 4
150 6
160 8
160 2
160 1
160 4
170 5
170 4
160 4
170 5
170 8
170 2
170 1
170 3
180 5
180 4
170 4
180 4
180 8
180 3
180 1
180 4
190 5
190 5
180 4
190 3
190 8
190 3
190 1
190 4
200 5
190 2
200 5
200 3
200 8
200 3
200 0
200 4
210 5
200 2
210 5
210 4
210 6
210 3
210 1
210 4
220 5
210 2
220 4
220 3
220 5
220 3
220 2
220 4
230 5
220 2
230 4
230 3
230 5
230 3
230 2
230 4
230 2
240 5
240 4
240 4
240 5
240 3
240 2
240 4
240 2
250 5
250 4
250 5
250 4
250 4
250 3
250 2
250 1
260 5
260 3
260 5
260 4
260 4
260 3
260 2
260 2
270 5
270 3
270 6
270 4
270 3
270 4
270 2
270 3
280 5
280 6
280 3
280 4
280 4
280 2
280 3
280 2
290 5
290 7
290 3
290 4
290 2
290 4
290 3
290 2
300 5
300 7
300 3
300 4
300 3
300 4
300 3
300 2
10 7
20 7
10 9
10 8
30 8
20 9
20 8
10 11
30 9
40 7
30 7
20 11
10 9
10 6
10 4
40 9
30 11
20 9
40 5
50 7
20 6
20 4
10 6
30 9
40 11
30 4
50 8
30 4
50 4
60 9
20 7
40 9
40 3
50 11
40 10
60 9
30 5
60 5
70 7
50 9
50 3
50 11
40 5
60 11
70 10
70 6
60 5
80 7
60 3
50 5
60 8
70 11
80 6
80 6
70 6
60 3
70 1
90 7
70 5
80 11
90 6
90 6
70 4
80 5
80 1
80 6
100 5
90 9
80 3
100 6
100 6
90 5
90 1
90 4
110 6
100 8
90 3
110 6
100 5
110 5
100 1
100 4
110 9
120 6
100 3
110 5
120 4
110 1
120 4
110 5
120 10
130 6
110 3
120 6
130 4
120 1
130 3
120 4
130 11
120 3
140 6
130 5
130 1
140 4
130 4
140 4
130 3
140 10
150 5
140 6
140 1
140 4
150 4
150 3
140 3
150 11
160 6
150 4
150 1
150 4
160 5
160 3
150 3
160 11
170 6
160 4
160 4
160 1
170 5
170 3
160 3
170 10
180 6
170 4
170 1
170 4
180 5
180 3
170 3
180 10
190 5
180 4
180 1
180 4
190 4
190 3
180 3
190 10
190 4
200 6
190 4
190 1
200 4
200 4
190 3
200 10
200 4
200 1
210 6
200 4
210 4
210 4
200 3
210 8
210 5
210 4
210 1
220 5
220 4
210 3
220 4
220 9
220 5
220 4
220 1
230 5
230 4
220 3
230 4
230 9
230 6
230 1
230 4
240 5
230 3
240 4
240 4
240 9
240 6
240 1
240 4
250 5
240 3
250 4
250 4
250 9
250 6
250 1
250 4
260 5
250 3
260 4
260 5
260 9
260 6
260 1
260 4
260 4
270 5
270 4
270 5
270 7
270 6
270 4
270 1
270 4
280 5
280 4
280 5
280 7
280 6
280 4
280 1
280 3
290 7
290 4
290 5
290 7
290 6
290 4
290 1
290 3
300 6
300 4
300 5
300 7
300 5
300 4
300 1
300 3
10 10
10 9
10 8
20 9
20 9
10 11
20 8
30 9
30 5
20 11
30 8
40 9
40 5
30 11
10 11
40 9
10 6
10 9
50 9
20 11
40 11
50 3
20 7
50 9
10 8
20 9
30 11
50 10
60 5
20 8
60 2
30 9
30 9
60 8
40 11
30 8
40 7
60 8
40 9
70 5
70 3
50 9
70 8
40 7
50 8
50 6
70 7
80 5
80 3
60 8
50 9
80 9
60 5
60 6
80 4
60 8
70 7
90 4
90 3
70 7
70 5
90 8
90 5
70 6
80 4
100 3
100 3
80 7
80 4
100 9
80 7
100 4
90 4
90 6
110 4
90 4
110 3
110 7
90 5
100 5
110 4
100 6
100 3
120 4
120 3
100 5
120 5
110 4
120 3
110 5
110 3
130 5
130 3
110 6
130 5
120 4
130 3
120 5
120 2
120 5
140 3
140 3
140 5
130 4
140 3
130 5
130 2
130 6
150 3
150 3
150 4
140 3
140 5
150 3
140 2
140 6
160 2
160 3
150 3
160 4
150 4
160 3
150 2
150 5
170 2
170 3
160 2
170 4
160 5
160 2
170 3
160 6
180 2
180 3
170 3
180 4
170 5
170 2
180 3
170 5
190 2
190 3
180 3
180 5
190 4
180 2
190 3
180 6
190 2
200 3
200 3
190 5
200 4
190 2
200 3
190 6
200 2
210 3
210 3
200 6
200 2
210 4
210 3
200 5
210 2
220 3
220 3
210 5
210 2
220 4
210 5
220 3
220 2
230 3
230 3
220 5
220 2
230 4
220 6
230 3
230 2
230 5
240 3
240 3
230 2
240 4
230 5
240 3
240 2
240 5
250 3
250 3
240 2
250 4
240 5
250 3
250 1
250 5
260 3
250 3
260 3
250 5
260 4
260 3
260 2
260 4
270 3
260 2
270 2
260 5
270 4
270 3
270 1
270 4
280 3
270 3
280 2
270 5
280 4
280 3
280 1
280 4
290 3
280 3
290 2
280 5
290 4
290 3
290 1
290 4
290 4
300 3
290 5
300 2
300 4
300 3
300 1
300 4
300 4
300 5
10 8
10 9
20 8
10 8
20 8
10 8
30 8
20 8
30 8
20 6
40 8
30 8
40 7
30 4
10 5
40 8
50 8
10 7
50 5
40 3
20 8
20 7
10 7
50 9
60 7
10 6
30 8
50 3
60 5
30 4
20 7
20 7
60 7
40 7
30 7
70 7
40 4
60 2
30 7
70 4
50 6
40 6
70 3
50 4
40 6
70 2
80 8
80 4
50 5
60 6
50 6
60 4
80 3
80 2
90 6
60 5
90 4
70 5
60 5
70 4
90 3
70 4
90 2
100 5
80 6
70 5
100 4
80 2
100 2
80 6
100 2
80 5
90 6
110 8
90 2
110 4
110 2
90 4
90 5
110 2
100 5
100 2
120 8
120 4
100 5
120 2
100 5
110 5
120 2
110 2
130 7
130 4
110 4
110 5
130 2
120 4
130 2
120 0
140 6
140 4
120 4
120 5
140 2
130 5
140 2
130 0
130 4
150 6
150 3
130 4
150 2
140 4
140 1
150 2
140 4
140 4
160 5
160 3
160 2
150 4
150 1
160 3
150 4
150 4
170 4
170 3
160 4
170 2
160 1
170 4
160 4
160 4
180 4
180 3
170 4
180 2
170 1
180 3
170 4
170 3
190 4
190 3
180 4
180 1
190 2
190 3
180 4
180 3
200 4
200 3
190 4
190 1
200 2
200 3
190 3
190 3
210 3
210 3
200 4
200 1
210 2
200 3
210 3
200 3
220 4
220 3
210 4
210 1
220 2
210 3
220 3
210 3
220 4
230 4
230 3
220 1
230 2
220 3
220 2
230 3
230 4
240 3
240 4
230 1
240 2
230 4
230 2
240 4
240 4
240 2
250 3
250 4
250 3
240 5
240 3
250 4
250 4
250 2
260 3
260 6
260 3
250 5
250 3
260 4
260 4
260 2
270 3
270 3
270 4
260 4
260 3
270 4
270 4
270 2
280 4
280 3
280 3
270 3
270 5
280 4
280 1
280 3
290 3
290 3
290 3
280 3
280 5
290 4
290 2
290 3
300 3
300 3
300 3
290 3
290 5
300 5
300 2
300 3
300 4
300 3
10 11
10 9
10 11
20 12
20 9
10 8
20 11
30 9
20 8
30 9
30 11
40 6
30 8
40 9
40 11
50 6
40 8
10 5
50 9
10 10
50 11
20 7
20 10
60 6
50 9
60 8
60 8
30 5
10 9
10 11
30 5
60 8
20 9
70 4
20 11
40 5
70 8
40 5
70 7
30 9
30 11
50 4
70 8
80 4
50 3
40 9
40 11
80 7
80 6
60 4
60 3
80 6
50 10
50 10
90 3
90 6
90 6
70 5
70 3
60 10
60 10
90 7
100 3
100 5
100 4
80 6
70 9
70 10
80 3
100 6
110 3
90 6
80 10
80 9
110 4
110 4
90 3
110 6
90 9
90 10
100 5
120 3
100 3
120 3
120 4
120 6
100 9
100 10
110 5
130 3
110 3
130 4
130 3
130 4
110 10
110 10
120 5
120 3
140 3
140 3
140 2
120 7
120 10
140 3
130 5
130 3
150 3
150 3
150 3
130 6
130 10
150 2
140 5
140 3
160 3
160 3
160 4
140 5
140 10
160 2
150 5
150 3
170 3
150 3
150 10
170 2
170 2
160 5
170 2
160 2
180 3
160 3
160 10
180 2
180 2
170 6
180 2
170 2
190 3
170 3
170 10
190 2
190 2
180 5
180 3
190 2
180 10
180 3
200 3
200 2
200 2
190 5
190 2
200 2
190 3
190 10
210 3
210 2
210 2
200 5
200 3
210 2
200 10
200 3
220 3
220 3
210 5
220 2
210 3
220 2
210 3
210 10
230 3
230 3
220 5
230 2
220 3
230 2
220 9
220 3
240 3
230 6
240 3
240 2
230 3
240 2
230 10
230 2
250 3
240 6
250 3
250 2
240 3
250 2
240 10
240 2
260 3
250 6
250 3
260 3
260 3
260 2
250 10
250 2
270 3
260 6
260 4
270 3
270 2
270 2
260 10
260 2
280 3
270 5
270 4
280 3
280 1
280 4
270 10
270 3
290 3
280 6
280 4
290 3
290 2
280 10
290 2
280 3
300 3
290 6
290 4
300 3
300 2
290 10
290 2
300 2
300 6
300 4
10 7
300 10
300 3
20 7
10 6
30 9
10 8
20 6
40 9
20 8
10 9
30 6
30 3
20 9
50 8
40 4
40 4
30 9
60 6
50 4
40 9
50 4
10 10
10 11
70 4
60 3
20 10
20 7
50 9
60 4
10 10
30 10
30 6
10 11
80 3
70 2
60 9
70 5
20 9
20 11
40 10
40 8
30 7
30 11
70 8
80 2
90 4
50 6
50 10
80 4
40 5
40 11
80 6
60 5
60 9
90 2
50 5
100 6
50 10
90 4
70 6
70 4
90 4
60 5
60 10
100 2
100 3
110 7
80 7
70 6
80 4
70 7
100 0
110 2
110 3
120 6
80 5
90 7
80 7
90 4
110 1
120 2
90 5
120 3
90 6
100 7
100 5
130 5
120 1
100 5
100 5
130 2
110 7
110 5
130 3
140 4
130 0
110 5
110 4
120 8
120 5
140 2
140 4
150 4
120 5
140 1
120 4
130 7
130 4
150 2
150 4
160 5
130 5
130 4
150 0
140 6
140 4
160 2
160 3
140 5
170 4
140 4
160 0
150 5
150 5
170 2
170 3
150 5
150 4
180 4
170 0
160 5
160 5
180 3
180 3
160 5
160 4
190 4
170 6
170 4
180 0
190 3
170 5
190 2
170 4
180 6
200 4
180 4
190 0
180 5
180 4
200 3
200 2
190 6
190 4
210 4
200 0
190 5
190 4
210 3
210 2
200 6
200 5
220 4
210 0
200 4
200 4
220 3
220 2
210 6
210 5
230 4
220 0
210 5
210 4
230 3
230 2
220 6
220 5
240 4
230 0
220 4
220 4
240 3
240 3
230 6
230 5
250 4
240 0
230 4
230 4
250 3
250 3
240 6
240 5
250 0
260 4
240 4
240 4
260 3
250 6
260 3
250 5
260 0
270 4
250 4
250 4
260 6
270 3
260 5
270 3
270 0
260 5
280 5
260 4
270 6
280 3
270 5
280 4
270 4
290 5
280 0
270 5
280 6
280 5
290 3
290 2
280 4
300 5
290 0
280 5
290 6
290 5
300 3
300 3
290 4
300 0
290 5
300 6
10 9
300 5
20 8
300 4
30 7
300 5
40 4
10 6
10 5
20 6
50 5
20 4
30 7
30 4
10 7
60 5
40 5
20 7
40 4
70 4
30 5
50 5
10 6
50 4
10 9
40 4
20 4
60 6
20 9
80 4
60 4
30 4
50 4
10 7
30 9
70 4
40 4
20 7
70 4
90 4
10 8
40 9
60 4
30 7
20 8
50 4
80 4
50 10
80 4
70 4
30 6
40 7
100 4
60 4
60 8
40 5
90 4
50 8
90 4
80 4
70 4
110 3
50 5
70 7
60 8
100 3
90 3
100 3
60 4
80 4
80 8
70 8
120 3
70 4
110 3
100 3
90 3
110 3
80 7
90 9
130 3
80 4
100 4
110 3
120 3
90 7
100 6
120 3
90 4
140 2
110 4
100 7
120 3
110 5
130 3
130 3
100 3
110 7
120 3
130 3
150 2
120 6
140 3
110 4
140 3
120 7
130 4
140 3
130 5
160 2
120 3
150 3
150 3
130 7
140 4
140 5
150 3
130 3
170 2
160 3
160 4
140 7
150 4
140 2
150 5
160 4
180 3
170 3
170 4
150 7
160 4
150 2
160 5
170 4
180 3
190 3
180 4
160 7
170 4
160 2
170 4
180 3
170 7
190 3
200 3
190 4
180 4
170 2
180 4
190 3
180 6
200 3
210 3
200 4
180 2
190 4
190 4
200 3
190 6
210 3
210 4
190 2
220 3
200 4
200 5
210 3
200 6
200 2
220 4
220 3
210 3
230 3
210 5
220 3
210 6
210 2
230 4
230 4
220 3
240 3
220 4
230 3
220 6
220 2
240 4
240 4
230 3
250 3
230 4
240 3
230 6
230 2
250 4
250 4
240 4
260 3
240 5
250 3
240 6
240 2
250 3
260 4
260 3
250 5
270 3
250 6
260 2
250 2
260 3
270 4
270 4
260 5
280 3
260 6
270 2
260 2
270 3
280 3
280 3
270 5
290 3
270 6
280 2
270 2
280 4
290 3
290 4
280 5
300 4
280 6
290 2
280 2
290 4
300 3
290 5
300 4
290 6
300 2
290 2
10 5
20 4
300 4
30 6
300 5
40 8
300 6
300 2
50 10
10 7
10 8
20 7
20 8
60 9
30 7
30 8
10 8
70 3
20 9
40 3
40 8
30 8
50 8
80 4
10 9
50 4
40 5
20 9
10 5
60 7
60 3
30 9
50 5
90 4
20 5
10 6
40 9
70 2
70 6
30 3
20 4
10 9
60 5
100 5
20 9
50 8
30 2
40 3
80 6
80 3
70 3
30 9
40 2
50 2
60 7
110 5
40 9
80 3
90 7
90 3
50 2
60 2
70 6
50 9
60 2
120 4
90 3
70 2
100 4
100 4
60 8
80 6
70 3
80 2
70 5
100 3
110 5
110 4
90 5
130 4
80 4
80 6
90 2
110 3
100 4
120 3
120 4
90 3
140 3
90 5
100 2
120 3
110 5
100 4
130 4
130 4
100 5
150 3
110 2
130 3
120 5
110 4
140 3
110 5
140 4
120 2
160 4
120 4
130 5
140 3
120 5
150 4
150 3
130 2
170 5
130 4
140 5
150 4
130 4
140 2
160 3
160 3
140 4
150 5
180 4
140 4
160 4
150 2
170 5
170 3
150 4
160 4
150 4
190 5
170 4
160 2
180 5
180 2
160 4
160 3
170 4
180 5
200 5
170 2
190 5
170 4
190 3
170 4
180 5
190 4
180 2
210 5
180 4
200 4
200 2
180 4
190 5
200 5
190 2
220 5
190 4
210 4
190 4
210 2
200 5
210 5
200 2
230 5
200 4
200 4
220 4
220 2
210 4
210 2
220 5
210 4
240 5
210 4
230 4
230 3
220 4
220 2
230 5
220 4
250 5
220 4
240 4
230 5
240 2
230 2
240 4
230 3
230 4
260 5
250 4
240 5
250 2
240 2
250 5
240 4
240 4
270 5
250 5
260 3
260 2
250 2
260 5
250 4
250 4
280 5
260 4
270 3
270 2
260 2
270 5
260 4
260 4
290 5
270 4
280 3
280 2
270 2
280 5
270 4
270 4
300 5
280 4
290 3
290 2
280 2
290 5
280 4
280 4
290 3
300 4
300 2
290 2
10 9
300 5
290 4
290 4
20 8
30 8
40 7
300 3
50 6
300 2
60 6
300 4
10 9
300 4
10 7
20 9
70 6
20 7
30 9
10 12
30 6
20 12
80 6
40 7
40 6
30 12
50 7
90 6
10 2
40 12
50 6
60 6
20 2
50 12
60 5
10 8
30 3
100 5
20 8
70 4
60 12
10 9
40 2
70 3
10 7
30 8
20 9
110 5
20 8
80 2
50 2
70 12
40 7
30 9
80 3
30 7
60 2
40 7
50 4
90 2
80 12
40 4
120 5
90 4
50 8
60 4
70 2
50 5
90 12
100 2
60 8
70 1
100 2
130 5
60 5
80 2
100 12
70 8
110 2
80 1
70 5
90 2
110 2
140 4
80 7
110 11
80 5
90 1
120 1
100 2
120 2
90 5
90 5
150 4
120 10
100 1
110 2
130 3
100 5
130 2
100 4
110 1
130 8
160 3
120 2
140 2
110 4
140 2
110 3
120 1
140 7
130 2
120 4
170 5
150 2
120 4
150 3
130 1
150 7
140 2
130 4
130 5
180 5
160 2
140 1
160 3
160 7
150 2
140 4
140 5
170 2
190 5
150 1
170 3
150 5
160 2
170 6
150 5
160 1
180 2
200 5
180 3
160 5
170 2
160 5
180 4
170 1
190 3
190 3
210 5
170 5
180 2
170 5
190 4
180 1
200 3
200 3
180 5
220 5
190 2
180 5
200 5
190 1
210 3
190 4
210 3
190 5
200 2
230 5
210 4
200 1
200 4
220 3
200 5
220 3
210 2
240 5
220 5
210 1
210 4
230 3
210 5
220 2
230 3
250 5
230 3
220 1
220 4
220 5
240 3
230 2
240 3
240 4
260 5
230 1
230 4
230 5
250 3
240 2
250 3
250 3
270 5
240 1
240 4
240 4
250 2
260 3
260 3
260 3
250 1
280 5
250 3
250 4
260 2
270 3
270 4
270 5
260 1
290 6
260 3
260 4
270 2
280 3
280 4
280 4
270 1
300 6
270 4
270 4
280 2
290 3
290 4
280 1
290 6
280 4
280 4
290 2
10 8
300 3
20 8
300 4
290 1
300 5
30 8
290 5
40 8
290 4
50 8
300 2
60 9
300 1
70 8
10 6
300 4
10 10
20 6
80 7
300 4
10 7
20 10
30 4
20 8
30 10
90 7
40 3
30 3
40 10
50 4
40 3
10 4
100 7
50 10
20 3
60 4
50 5
30 3
60 10
10 9
110 5
60 4
70 4
40 4
20 9
70 10
10 8
30 9
70 4
50 4
10 7
20 8
80 4
120 5
20 7
80 9
40 7
30 7
60 4
80 3
30 8
90 4
50 7
40 5
90 8
70 4
130 4
40 9
90 3
50 6
60 6
100 4
50 6
80 4
100 8
60 5
70 6
100 3
140 4
60 4
110 4
70 5
90 3
80 7
110 8
70 4
110 3
80 5
150 4
100 3
120 4
90 6
80 3
120 8
120 3
90 5
110 3
100 5
90 4
130 4
160 4
130 8
100 5
130 3
100 4
110 5
120 3
140 4
110 3
170 2
140 7
110 5
140 3
120 6
130 3
150 4
120 4
150 8
120 4
180 2
130 6
150 3
140 3
130 3
160 4
130 5
160 7
140 6
160 3
190 3
150 3
140 3
140 6
170 4
150 5
170 7
170 3
160 3
200 3
150 4
150 3
180 4
160 6
180 7
170 3
180 3
160 3
210 3
160 4
170 6
190 4
190 5
180 3
190 3
170 3
170 3
220 3
180 6
200 4
190 3
200 7
180 3
200 5
180 4
190 6
230 3
210 4
190 3
200 3
210 7
210 5
190 3
200 6
240 3
220 4
200 3
210 3
220 7
200 3
220 5
210 6
250 3
210 3
230 4
220 3
210 3
230 7
230 5
220 6
220 3
240 4
230 3
260 3
220 3
240 7
240 5
230 6
230 3
240 3
250 4
230 3
270 3
250 7
250 5
240 6
240 3
250 3
240 4
260 4
280 3
260 8
260 5
250 6
250 3
250 3
260 3
270 4
290 3
270 5
270 8
260 6
260 3
260 3
270 3
280 4
280 8
280 5
300 3
270 6
270 4
270 2
280 3
290 4
290 5
290 6
280 6
280 4
10 5
280 2
290 3
20 8
300 4
30 3
290 6
300 5
300 7
40 3
50 3
290 4
290 2
60 3
300 3
70 3
300 6
80 3
10 9
300 3
10 5
10 9
20 9
300 2
90 2
20 5
20 9
30 9
30 5
30 9
40 9
100 4
40 5
40 9
10 9
50 9
50 8
20 9
50 9
110 5
60 10
10 10
30 9
60 6
60 6
20 10
40 9
70 6
30 10
120 5
70 7
70 6
10 8
50 7
40 10
80 5
20 8
10 9
80 8
80 6
60 5
30 8
20 9
50 10
130 4
90 5
30 4
40 6
70 3
90 7
60 6
90 4
40 4
50 5
100 5
140 4
70 4
80 3
50 5
100 6
100 3
60 3
80 4
60 4
90 3
110 4
70 4
110 8
150 4
110 4
70 6
90 4
100 1
80 3
120 4
120 6
80 5
120 4
160 3
100 3
90 4
110 1
130 4
90 6
130 6
130 3
110 4
100 4
120 2
170 3
100 4
140 4
140 6
110 2
120 3
140 4
130 1
110 3
180 2
150 4
130 3
120 4
150 6
150 4
120 3
140 2
130 4
160 4
140 3
190 3
160 6
130 3
160 4
150 2
140 5
150 4
170 4
140 3
200 2
170 6
170 3
160 2
150 4
160 4
150 3
180 4
180 6
180 3
170 2
210 2
160 3
170 3
160 3
190 4
190 6
180 2
190 4
220 3
170 3
180 3
170 3
200 4
190 2
200 5
200 2
180 4
230 3
190 5
180 3
210 4
200 2
210 5
190 4
210 2
190 4
200 5
240 3
220 4
210 2
200 4
220 5
220 2
200 4
210 4
250 3
230 4
220 2
210 4
230 5
230 3
210 4
220 3
260 3
240 4
230 2
220 4
240 5
220 4
240 3
230 4
270 3
230 4
240 2
250 4
250 5
230 3
250 3
240 4
240 4
280 3
250 2
260 4
240 3
260 4
250 5
260 3
250 4
260 2
290 3
270 4
250 2
270 4
260 5
270 3
260 5
270 2
260 2
300 3
280 4
280 4
270 5
280 3
270 6
280 2
270 2
290 3
280 6
290 4
290 3
10 10
280 4
20 10
290 2
280 2
30 10
300 3
40 10
290 4
300 4
300 3
50 10
60 7
290 5
290 3
70 7
300 2
300 5
80 4
10 7
90 5
20 2
10 9
300 5
10 10
20 4
300 4
30 2
20 10
100 3
30 4
40 1
30 10
40 4
50 0
40 10
110 4
10 8
50 3
20 8
50 10
60 1
10 8
30 8
60 4
120 3
20 8
60 10
70 1
40 7
30 8
70 3
70 9
10 6
50 6
80 1
40 5
130 3
20 5
10 8
80 4
60 6
50 4
80 8
20 8
30 5
90 1
30 8
90 4
60 7
40 5
70 6
140 3
90 7
40 8
100 1
50 5
70 4
80 4
100 4
50 6
100 8
60 5
150 3
110 1
80 4
60 6
90 4
110 6
70 5
110 8
90 5
70 6
120 1
100 4
160 3
80 6
120 5
80 7
120 8
100 4
90 6
110 4
130 1
90 4
170 2
130 5
110 4
130 7
100 6
120 3
140 1
100 4
140 5
120 3
140 8
110 6
180 2
130 3
110 4
150 0
150 6
130 3
120 6
150 8
120 4
140 3
190 2
160 0
140 3
130 6
160 6
160 8
130 5
150 3
200 2
170 1
140 6
150 3
170 6
140 3
170 8
160 3
150 6
160 3
180 1
210 2
150 3
180 6
180 7
170 3
160 6
170 4
190 0
160 3
220 2
190 6
180 3
190 8
170 6
180 4
170 3
200 1
200 6
230 2
190 3
200 8
180 6
190 3
180 3
210 1
210 6
200 3
210 8
240 2
190 6
190 3
200 3
220 1
220 6
210 3
220 8
200 6
250 2
200 3
210 3
230 1
230 5
220 3
210 6
230 8
210 3
260 2
220 3
240 1
240 5
230 3
220 6
240 8
220 3
230 4
270 2
240 3
250 1
250 5
230 6
230 3
250 7
240 4
280 2
240 6
250 3
260 4
260 1
240 3
260 7
250 4
290 3
250 6
260 3
270 4
270 1
250 2
270 7
260 4
300 3
260 6
270 4
280 4
280 1
260 2
280 7
270 4
270 6
280 4
290 4
270 2
290 3
280 4
290 7
10 9
20 6
30 5
280 6
40 4
290 4
280 2
300 4
50 6
300 4
290 4
300 7
60 3
70 3
290 6
300 4
80 4
290 2
300 4
90 5
10 9
10 9
20 9
100 5
20 9
10 8
300 6
30 9
20 5
30 9
300 2
40 9
30 4
110 5
40 9
40 4
50 8
50 9
10 7
120 5
20 7
50 5
60 6
60 8
10 10
30 7
60 5
20 10
70 5
40 5
70 5
130 5
30 9
70 5
50 5
80 5
10 13
80 3
40 9
20 13
80 5
60 5
10 9
140 5
50 9
90 6
20 9
30 13
90 4
70 5
90 5
60 9
30 9
40 13
100 5
100 3
40 9
150 5
50 10
80 4
70 8
100 4
50 9
60 10
110 4
80 6
110 3
90 6
60 9
160 4
110 4
70 11
90 5
120 6
100 6
70 8
120 4
80 9
120 4
170 5
100 6
80 8
110 6
130 7
90 10
130 5
130 4
90 3
110 5
120 6
100 5
180 4
140 7
140 4
100 3
140 4
120 5
110 5
130 6
110 3
150 5
150 3
190 3
130 5
150 4
120 5
140 5
120 3
160 5
160 3
140 4
130 4
160 4
200 4
150 5
130 3
170 6
150 4
140 4
170 3
170 4
140 3
210 4
160 5
160 3
150 4
180 6
180 3
180 4
150 3
170 5
220 4
160 4
170 3
190 5
190 3
160 3
190 4
180 5
170 5
230 4
180 3
200 5
170 2
200 3
200 4
190 5
180 5
190 3
240 4
180 2
210 5
210 4
210 4
200 5
190 5
200 3
190 2
250 5
220 5
220 4
220 4
210 5
200 5
210 2
200 2
230 5
260 5
230 4
220 5
230 4
210 5
220 2
210 2
240 5
230 5
240 4
270 4
240 4
220 5
230 2
220 2
250 6
240 5
250 3
230 5
250 4
280 4
240 2
230 2
260 7
250 5
240 5
260 3
260 4
290 4
240 2
250 2
260 5
270 7
250 5
270 3
270 4
250 2
260 2
300 4
260 5
270 5
280 8
280 3
280 4
260 2
270 2
270 5
10 9
280 5
290 8
20 9
290 3
290 4
270 2
30 9
280 2
40 9
50 7
280 5
290 5
60 7
300 8
300 4
280 2
300 3
290 2
70 7
80 3
290 5
300 5
90 3
290 2
300 2
100 3
10 7
10 11
20 7
10 6
110 3
300 5
20 11
20 6
30 7
30 11
30 6
40 4
300 2
120 3
40 11
40 7
50 3
10 9
50 11
50 8
20 9
60 3
130 3
60 11
30 9
60 7
10 8
70 3
40 8
20 8
70 8
70 7
30 8
140 3
50 8
80 3
10 7
80 8
40 8
80 8
20 7
60 9
90 2
50 8
10 6
30 9
150 3
90 8
90 7
70 9
20 6
40 9
60 7
100 3
30 5
100 8
80 9
100 6
50 8
40 7
70 7
160 3
110 2
60 7
50 9
90 7
110 7
80 6
110 6
70 8
60 10
120 2
100 7
90 4
170 3
120 7
70 10
120 6
80 7
100 2
110 7
130 2
80 8
90 7
130 7
130 5
180 3
110 3
90 9
120 4
100 7
140 2
140 5
140 6
100 10
120 3
190 3
130 4
110 5
150 2
150 6
110 10
150 5
130 2
120 3
140 5
200 3
160 2
120 8
160 5
160 5
140 2
130 4
150 4
130 8
170 3
210 3
170 4
140 4
150 3
170 5
160 4
140 8
180 3
150 3
160 3
180 4
220 3
180 4
170 4
150 8
160 3
190 3
170 3
190 4
190 4
160 8
180 4
230 3
170 2
180 3
200 3
200 4
170 8
200 5
190 4
240 3
180 2
190 3
210 3
180 7
210 4
210 6
200 4
190 2
250 3
200 3
190 8
220 3
220 4
210 6
220 5
200 3
210 3
260 3
200 8
230 3
230 4
220 6
230 5
210 3
220 3
210 8
270 3
240 3
230 6
240 4
240 6
220 3
220 7
230 2
250 3
280 3
240 5
250 4
250 6
230 3
230 8
240 2
260 3
250 5
290 3
260 4
260 6
240 3
240 7
250 2
270 3
260 5
270 4
250 3
270 6
300 3
250 6
260 2
280 3
270 4
260 2
280 4
280 5
260 6
270 2
10 6
20 6
280 3
290 3
270 2
30 3
290 4
290 6
270 7
40 2
280 2
50 2
60 2
290 2
280 2
300 3
70 2
300 6
300 4
280 7
290 2
80 2
90 2
290 2
300 3
290 7
100 2
300 2
10 9
110 2
20 9
10 7
10 7
20 7
20 3
30 8
30 1
30 5
300 2
120 1
40 8
300 7
40 0
40 5
50 5
50 0
50 5
130 3
10 7
60 3
20 7
60 0
60 2
30 7
70 3
10 5
140 2
70 0
40 7
70 2
20 3
80 3
50 8
30 3
80 0
80 2
10 5
40 4
150 3
90 3
60 9
10 7
20 5
90 0
20 7
90 2
50 3
30 8
70 9
30 5
100 3
60 4
40 5
160 1
100 0
100 2
40 4
80 7
50 6
70 4
110 3
50 3
110 1
110 2
90 5
60 5
60 3
80 4
170 1
120 3
70 4
100 5
120 0
70 4
120 2
90 3
80 5
130 3
80 4
180 1
110 4
100 3
130 0
130 2
90 5
90 5
140 3
120 4
110 2
140 1
190 3
100 4
140 2
100 3
120 2
130 4
150 3
110 5
150 1
110 4
150 2
200 3
130 2
140 4
120 6
160 3
120 3
160 1
160 2
140 2
150 4
130 4
210 3
130 3
170 3
170 1
170 2
150 2
140 3
140 3
160 4
220 3
180 3
180 1
180 2
160 2
150 3
150 2
170 5
190 3
230 2
190 1
160 4
170 2
190 2
160 4
180 4
200 3
170 3
180 4
200 1
170 4
240 2
200 2
190 4
210 3
180 4
180 4
190 3
210 1
210 2
250 2
200 4
190 4
190 4
220 3
200 4
220 2
220 2
210 4
260 2
200 4
200 3
210 4
230 3
230 1
230 2
220 4
270 2
210 5
210 3
220 4
240 3
240 1
240 2
230 4
220 5
220 3
280 2
230 4
250 3
250 1
250 2
240 4
230 5
230 2
240 4
290 2
260 3
260 1
250 4
260 2
240 5
240 2
250 4
300 2
270 3
270 3
260 4
270 2
250 5
250 3
260 4
280 3
280 3
270 4
280 2
260 5
260 3
10 5
270 4
20 5
30 4
290 3
40 3
280 4
290 2
270 5
290 2
50 3
270 3
280 4
60 3
70 3
300 3
290 4
300 2
280 5
80 2
300 2
280 3
290 4
90 4
100 3
290 5
300 4
290 3
110 3
10 6
300 4
10 8
20 2
10 11
120 4
20 8
20 11
30 2
30 7
30 11
40 2
300 5
40 6
130 4
300 3
40 11
50 2
50 6
50 11
60 2
10 9
60 5
140 4
20 9
60 11
70 2
30 9
70 5
10 10
70 11
40 9
20 10
80 2
150 4
80 4
30 10
50 9
80 11
40 10
90 3
90 4
10 7
60 7
10 7
90 11
160 4
20 6
50 9
20 7
100 3
70 7
30 1006 
30360 
 77100

 10
40 7
80 6
170 4
110 3
40 7
70 3
50 6
110 3
50 8
110 8
90 5
60 7
80 3
120 3
60 4
180 4
120 3
100 5
120 9
70 8
90 4
70 4
130 3
80 8
110 2
130 3
80 4
130 9
100 3
190 4
90 7
140 3
90 4
120 2
140 3
110 2
140 7
100 7
200 4
100 5
150 3
130 2
120 1
150 3
150 7
110 7
110 3
140 2
130 1
160 3
210 4
120 8
160 3
160 6
120 4
140 0
150 2
170 3
130 8
130 4
170 3
220 4
170 6
150 0
160 2
140 8
180 3
140 4
180 2
180 5
230 4
160 0
150 7
170 2
150 4
190 3
190 3
190 5
170 0
160 7
180 2
240 4
160 4
200 2
200 3
200 5
170 7
180 0
170 4
190 2
250 4
210 2
210 3
180 7
190 0
210 5
180 4
200 2
260 4
220 2
190 7
200 0
220 4
190 4
220 4
210 3
200 7
230 2
210 0
270 4
200 4
230 4
230 4
220 3
210 7
220 0
240 2
210 4
240 4
280 4
240 4
230 4
220 7
220 4
230 0
250 3
250 4
250 4
240 4
290 4
230 7
230 5
240 0
260 3
260 4
260 5
250 4
300 4
240 7
240 4
250 0
270 3
270 4
270 5
260 4
250 7
250 4
260 0
280 4
10 7
280 4
270 4
20 6
280 5
30 6
260 7
260 4
40 5
270 0
50 6
290 4
60 5
280 4
290 4
290 5
270 7
70 6
270 5
280 0
80 6
300 3
90 5
290 5
300 5
300 4
280 7
280 4
100 5
290 0
110 5
300 5
290 7
120 6
290 3
10 13
20 12
300 0
10 8
10 6
130 5
30 12
20 8
20 6
40 10
30 8
30 5
50 7
40 8
140 5
40 4
300 7
300 3
50 8
50 5
60 5
10 10
60 7
20 10
60 4
150 5
70 5
30 10
70 7
70 5
80 5
10 9
40 10
20 9
160 6
80 7
80 5
50 10
90 4
30 9
60 9
40 7
90 7
90 5
10 6
10 7
100 4
170 5
50 7
20 6
70 6
20 7
100 8
30 6
100 5
30 8
60 7
110 4
80 5
40 4
40 9
180 6
70 6
110 8
110 5
50 3
90 4
50 7
120 4
80 6
60 3
60 6
120 5
120 7
100 6
190 6
70 2
130 4
90 5
70 5
110 6
130 5
130 5
80 2
80 5
100 5
140 5
200 5
90 2
90 5
120 6
140 4
140 5
110 5
150 4
100 2
100 4
130 6
120 4
150 4
150 5
210 5
110 2
110 4
160 4
140 6
130 4
160 4
160 5
120 2
120 4
220 5
170 4
150 5
140 5
130 2
170 5
170 4
130 5
150 6
180 5
230 5
160 5
140 2
140 6
180 5
180 4
160 5
170 5
150 2
190 5
150 5
240 5
190 5
190 4
170 4
160 2
180 5
160 5
200 4
250 5
200 5
200 4
180 5
170 2
190 5
170 5
210 4
210 5
210 3
190 5
180 2
260 5
180 4
200 5
220 4
220 6
190 2
220 4
200 4
190 5
210 4
270 5
230 4
200 2
210 4
200 5
230 6
230 4
220 4
280 5
240 4
210 2
210 3
220 4
240 6
240 3
230 4
290 4
250 3
220 2
220 3
230 4
250 6
250 4
240 4
230 2
230 3
260 3
300 4
240 5
260 6
260 4
250 4
240 3
240 3
270 4
250 5
270 6
270 3
260 4
10 9
250 3
250 3
20 9
280 4
260 3
30 9
40 9
280 6
270 4
280 3
50 9
260 3
260 3
60 6
270 3
290 5
70 3
280 4
290 6
290 3
80 3
270 3
270 3
90 4
280 3
300 5
100 3
290 4
300 6
300 3
110 3
280 3
280 3
290 3
120 3
300 4
130 3
10 10
290 3
290 3
20 10
10 8
10 8
30 10
300 3
20 9
20 8
140 3
40 5
30 6
30 8
50 2
40 2
40 6
150 3
60 4
50 2
300 3
50 6
300 3
10 5
60 3
70 1
60 4
20 3
160 4
30 4
70 3
70 4
80 1
40 3
10 10
80 3
80 3
20 10
50 4
90 2
170 4
30 10
60 3
90 4
90 3
100 2
40 6
70 3
10 6
10 10
50 6
100 4
100 3
180 4
20 6
20 10
110 2
80 3
60 4
30 7
30 10
110 2
110 3
40 7
40 10
70 3
120 1
90 3
190 3
50 7
50 10
120 2
80 4
120 3
100 3
60 7
60 6
130 2
90 4
70 5
130 3
70 7
110 4
130 3
200 3
140 1
100 4
80 5
80 6
120 3
140 3
140 3
90 5
90 7
110 5
150 3
210 3
130 3
150 3
100 5
100 7
150 3
120 6
160 4
110 5
110 6
140 4
220 4
160 3
130 8
160 3
120 5
170 4
120 6
150 4
140 8
170 3
170 3
230 4
130 4
130 6
180 2
160 4
150 8
180 3
180 3
140 3
140 6
240 3
190 3
170 4
160 6
150 4
190 3
150 7
190 3
170 5
180 3
200 2
250 3
160 4
160 7
200 3
200 3
180 5
190 3
170 4
210 2
170 6
260 3
210 3
210 3
190 6
200 3
180 4
180 7
220 3
220 3
270 3
220 3
200 6
190 3
210 3
190 6
230 3
230 3
230 3
210 6
200 3
280 3
200 6
220 3
240 4
240 3
220 6
210 3
240 3
210 5
230 3
290 3
250 4
230 6
220 3
250 3
220 4
250 3
240 3
300 3
260 6
240 6
230 3
230 6
260 3
260 3
250 3
270 4
240 3
250 6
240 6
270 3
270 3
10 7
260 3
20 6
30 3
250 3
280 5
260 6
250 6
40 4
280 4
50 6
280 3
270 3
60 6
260 3
70 5
270 6
260 6
290 4
80 5
290 4
280 3
290 3
90 6
270 3
280 6
270 6
100 7
300 5
300 4
110 6
290 2
300 3
280 3
120 7
280 5
290 6
130 6
300 2
10 5
290 3
20 7
10 6
140 6
290 4
300 6
30 5
10 6
20 4
20 6
40 6
30 6
30 3
40 2
150 6
50 7
40 3
50 2
60 7
300 3
50 1
60 2
300 4
160 6
70 5
10 8
60 1
20 8
70 1
80 5
30 8
70 2
10 12
170 5
80 1
40 7
20 12
90 5
80 3
30 12
50 8
90 1
40 12
100 4
90 3
60 8
180 5
50 12
100 1
10 8
70 4
10 8
100 1
20 8
110 4
60 12
20 8
30 8
110 1
80 2
30 8
70 12
190 5
110 1
40 5
120 5
40 7
90 3
50 6
80 12
120 1
50 7
120 2
60 6
130 3
100 3
200 4
90 8
60 7
130 1
70 6
130 2
70 6
110 3
100 7
140 4
80 5
140 1
80 5
210 4
140 2
110 7
120 2
90 5
150 5
90 5
150 1
120 4
100 5
150 3
130 2
100 5
220 5
160 5
110 4
160 1
130 4
140 2
110 7
160 3
120 4
170 5
230 5
140 4
120 7
150 3
170 1
170 2
130 4
180 4
150 3
130 5
160 3
180 1
240 5
180 2
140 4
140 5
160 3
190 4
170 3
190 1
150 4
190 2
150 5
250 6
170 3
200 4
180 3
160 4
200 2
160 5
200 2
180 4
260 5
170 4
210 4
190 3
170 5
210 2
210 3
190 4
180 4
200 3
270 5
220 4
180 6
220 2
200 4
220 3
190 5
210 3
190 5
230 3
280 5
230 2
210 4
230 3
200 5
200 5
220 3
240 2
220 4
240 2
290 5
210 5
240 3
210 5
230 3
250 2
230 4
220 5
250 2
250 3
300 5
220 5
240 3
260 1
240 4
230 5
260 2
230 5
260 3
250 3
250 3
270 1
240 4
10 8
20 8
240 5
270 2
270 3
30 8
260 3
40 7
50 6
250 5
260 3
280 2
250 5
60 4
280 2
280 3
70 4
270 3
80 4
260 5
270 3
290 1
260 6
90 5
290 2
290 3
280 3
100 4
270 5
280 3
110 4
270 6
300 2
300 2
300 3
120 3
290 3
280 5
290 3
130 3
280 6
140 2
300 3
10 8
20 9
290 4
10 5
300 2
30 7
10 10
290 6
150 2
20 5
20 8
40 5
30 5
30 5
40 6
50 4
40 5
160 2
50 4
60 5
300 4
50 6
60 4
70 5
300 6
60 7
10 8
170 2
70 4
20 8
80 4
70 7
10 7
30 8
20 7
80 4
40 8
80 6
90 5
30 7
180 2
50 3
90 4
40 5
90 6
100 4
60 3
50 6
10 7
100 3
100 6
190 2
20 7
60 8
70 4
110 4
10 5
30 7
20 6
110 3
70 9
80 4
110 6
40 7
30 4
120 4
40 4
50 5
80 9
200 3
90 5
120 3
120 6
50 5
60 2
130 4
90 9
100 3
60 5
130 3
70 3
130 6
210 3
100 9
70 5
140 4
110 3
80 3
140 3
80 4
140 6
110 9
90 3
120 3
150 5
220 3
90 2
150 2
120 6
100 3
150 6
130 3
100 2
160 4
110 3
130 6
160 2
230 4
160 6
110 2
140 3
120 3
170 5
140 6
120 2
170 3
170 6
150 3
130 3
240 4
150 6
180 4
130 2
180 3
160 3
180 6
140 3
160 6
140 3
190 4
250 5
170 2
150 3
190 3
190 6
150 3
170 6
200 4
160 3
180 2
260 3
200 3
200 6
160 3
180 6
210 4
170 3
190 2
210 3
170 3
210 6
190 7
270 3
180 3
200 2
220 4
180 3
220 3
220 6
200 7
190 3
280 3
210 2
190 3
230 4
230 3
230 6
210 6
200 3
200 3
220 2
290 3
240 4
220 6
240 3
240 6
210 3
210 3
230 2
250 4
300 4
230 6
250 3
250 6
220 3
220 3
240 5
260 4
240 5
230 3
260 3
260 6
230 3
250 6
10 9
20 9
250 5
270 4
30 9
240 3
270 3
270 6
40 9
240 2
50 8
260 6
60 7
260 5
250 2
280 4
70 5
280 3
250 2
280 6
80 4
270 4
90 5
260 3
270 5
290 4
260 3
290 3
290 6
100 4
280 6
110 4
270 3
280 5
300 4
270 3
120 4
300 3
300 6
290 5
130 5
280 3
290 5
280 3
140 4
300 5
10 7
150 4
10 12
20 7
10 9
290 3
300 5
20 12
20 9
30 7
30 12
290 3
30 6
40 5
160 4
40 11
40 4
50 4
50 11
50 4
60 4
170 4
60 10
300 3
60 3
10 9
70 4
70 8
300 3
70 3
20 9
80 4
30 8
10 8
180 4
80 6
80 3
20 8
40 5
90 4
30 8
90 5
50 5
90 3
40 2
190 4
100 4
60 7
100 3
50 1
100 3
10 7
70 5
60 1
20 8
110 3
110 3
110 4
10 4
30 7
80 4
200 4
70 1
20 3
40 7
120 4
30 3
120 4
120 4
90 5
80 1
50 6
40 3
60 5
130 4
210 4
90 1
100 5
50 3
130 4
130 4
70 4
60 3
100 1
110 4
140 4
140 4
80 3
70 3
140 4
220 3
110 1
120 3
80 3
90 3
150 5
150 3
150 4
120 1
90 3
100 3
130 3
230 3
160 3
160 3
100 2
160 4
110 3
130 1
140 3
110 3
170 3
120 3
170 3
140 1
240 3
170 4
150 3
120 3
130 3
180 3
150 1
180 3
180 4
160 3
130 3
250 4
140 3
160 1
190 3
140 3
190 3
170 3
190 4
150 3
260 4
170 1
150 3
200 3
180 3
200 3
160 3
200 4
180 1
160 3
190 2
270 4
210 3
170 3
210 3
210 4
170 3
190 1
180 3
200 3
220 3
220 3
220 4
280 4
180 3
200 1
190 3
210 3
230 3
230 3
190 3
230 3
210 1
290 4
200 3
220 3
200 3
240 4
240 3
240 3
220 1
210 3
300 4
230 3
210 3
250 4
250 3
250 3
230 1
220 3
240 3
220 3
260 4
260 3
240 1
230 3
260 3
10 7
20 7
230 3
250 3
30 7
40 7
270 5
270 3
240 3
250 1
50 7
270 3
60 7
240 3
260 3
70 4
250 3
280 3
280 4
260 1
80 5
280 3
250 3
90 4
270 3
100 3
260 3
290 3
270 1
290 4
290 3
110 3
260 3
280 3
120 3
270 3
280 2
300 3
300 4
270 3
300 3
130 5
290 3
140 4
280 3
290 2
280 3
150 4
300 4
10 8
10 6
20 8
290 3
10 7
20 6
160 3
20 5
30 7
30 6
300 2
30 4
40 7
290 3
40 5
40 4
50 6
170 3
50 4
50 3
60 6
60 4
300 3
60 3
70 6
70 7
180 3
10 6
70 4
20 6
300 3
80 6
80 6
30 7
80 4
10 3
40 7
90 5
190 3
90 4
20 3
90 4
50 9
30 4
100 5
40 3
100 3
60 6
100 3
10 7
200 3
50 3
70 5
110 4
20 5
110 5
110 3
30 5
60 4
10 11
80 4
40 2
120 3
20 11
70 4
120 6
120 3
210 3
30 11
50 2
90 4
80 4
40 11
60 2
130 3
130 5
100 3
130 3
50 11
90 3
70 2
60 11
220 3
140 3
110 4
140 8
80 2
100 3
140 3
70 10
90 2
120 3
150 3
110 3
80 9
150 7
150 3
230 3
100 2
90 9
130 4
120 3
160 3
160 5
160 3
110 2
100 6
130 4
140 5
240 3
170 3
120 2
110 6
170 5
170 3
140 3
150 4
130 2
120 7
180 3
250 2
180 7
180 4
150 4
160 3
130 5
140 3
190 3
160 4
190 6
190 4
140 5
170 3
260 2
150 2
170 4
200 3
150 3
200 6
160 2
200 4
180 4
270 3
160 4
180 4
170 2
210 3
190 3
210 4
210 5
170 2
190 3
280 3
180 2
220 3
200 3
220 4
220 4
180 3
200 4
190 2
210 3
230 3
290 3
230 4
230 5
190 4
210 4
200 2
220 3
240 3
240 4
200 4
240 4
300 3
210 2
220 4
230 3
210 3
250 3
250 4
250 4
220 2
230 4
240 4
220 5
260 3
10 9
260 4
260 5
230 2
20 9
240 5
30 9
40 10
250 4
230 4
50 8
270 3
240 2
270 4
270 6
250 5
60 9
70 8
240 4
260 4
80 7
250 2
280 3
260 5
280 6
280 4
90 7
250 5
270 4
100 6
260 2
290 3
270 4
110 6
290 7
290 4
260 4
120 6
280 4
270 3
280 4
130 6
300 3
300 4
300 5
270 5
140 6
290 3
280 3
290 4
150 7
280 6
10 5
160 7
300 4
10 10
20 5
10 9
290 3
20 10
20 9
30 4
300 4
30 10
30 9
40 5
170 7
40 7
40 7
50 3
290 6
50 5
50 6
60 3
60 4
300 3
180 7
60 7
70 4
70 4
70 6
10 8
80 3
20 8
300 6
80 4
80 3
190 7
10 3
30 8
90 4
20 4
40 8
90 4
90 3
30 4
50 8
100 4
40 3
100 4
200 6
100 4
60 6
50 2
10 9
110 5
20 9
70 6
110 5
60 2
110 3
30 9
210 7
70 2
10 9
80 5
120 6
40 9
120 5
20 9
120 3
50 6
80 2
30 9
90 5
130 5
60 6
40 9
130 5
130 3
90 2
220 8
100 2
50 9
70 6
140 5
100 2
60 5
140 5
80 6
140 3
110 2
70 4
230 7
110 1
150 5
90 4
120 1
150 5
150 3
80 3
100 2
120 2
160 5
90 3
130 2
160 5
160 3
240 7
110 2
130 3
100 3
140 2
170 5
120 2
170 5
170 3
110 3
140 2
250 6
150 2
130 2
180 5
120 3
180 4
150 2
180 3
160 1
140 2
130 2
190 5
260 4
160 2
190 6
190 4
150 2
170 1
140 2
170 1
200 5
200 6
200 4
160 1
150 2
270 4
180 1
180 2
210 5
160 2
170 1
210 6
210 4
190 2
280 5
190 2
170 3
180 1
220 5
220 6
200 2
220 4
200 2
180 3
190 1
290 5
230 6
230 6
210 2
230 5
210 2
190 2
200 1
240 6
220 3
300 5
240 5
240 4
200 2
220 2
210 1
250 6
230 4
250 4
210 2
250 4
230 2
220 1
10 11
240 5
20 11
260 6
220 2
260 5
30 11
260 4
240 2
230 1
40 11
50 7
250 5
230 2
60 7
270 6
270 5
240 1
250 2
270 4
70 6
80 7
260 5
240 2
280 6
90 4
280 5
250 1
260 3
280 5
100 3
250 2
270 5
110 3
290 6
260 1
290 6
270 3
120 3
290 5
260 2
280 5
130 3
270 1
280 3
300 6
300 5
140 3
300 5
270 2
290 5
150 3
280 1
290 3
160 3
280 2
10 12
10 9
20 12
20 9
300 4
10 9
290 1
30 12
30 9
170 3
20 9
300 3
40 12
40 9
30 9
50 12
50 8
40 9
290 2
180 3
60 12
50 9
60 3
70 10
300 1
60 9
70 5
190 3
80 10
70 7
10 7
80 5
20 10
80 8
300 2
90 10
10 10
30 6
90 5
20 10
40 6
200 3
90 8
30 10
100 9
100 5
50 6
40 10
100 8
60 6
110 8
50 10
10 11
110 4
20 11
210 3
70 6
60 8
110 7
30 11
120 7
120 4
80 6
70 9
40 11
10 6
120 7
50 11
20 6
80 10
90 6
130 7
220 3
130 4
30 6
60 11
40 6
90 9
130 4
100 6
70 11
140 7
140 4
50 3
100 8
230 3
110 6
80 11
60 5
140 3
150 7
150 4
110 6
70 2
90 11
120 6
150 3
80 1
240 3
100 10
120 6
160 6
160 3
130 5
90 2
160 3
110 9
130 6
170 6
140 5
100 2
170 3
250 3
120 9
170 3
140 5
110 2
150 5
180 7
180 3
130 6
150 4
120 3
180 3
260 3
160 5
140 6
190 7
190 3
130 2
160 4
190 3
170 5
150 6
140 2
270 3
200 7
200 3
170 4
160 5
180 5
200 3
150 2
210 6
180 4
210 3
280 3
170 4
190 5
160 1
210 3
190 4
220 6
220 3
180 4
170 1
200 5
220 3
290 3
200 4
230 6
180 1
190 4
230 3
210 5
230 3
210 4
300 3
190 1
200 3
240 6
240 3
220 5
240 3
220 5
200 1
210 3
250 5
250 3
230 5
230 4
10 6
250 3
210 1
220 3
20 6
30 5
260 5
240 5
260 3
40 4
220 1
240 4
50 4
230 3
260 3
60 4
70 5
250 5
270 6
270 3
230 1
250 4
80 6
240 3
270 3
90 6
260 5
240 1
280 3
280 6
100 6
260 4
250 3
280 3
110 6
250 2
270 5
120 6
290 2
290 6
260 3
270 4
130 6
290 3
260 3
280 5
140 5
270 3
300 3
280 4
300 6
300 3
150 4
270 1
290 5
280 3
160 4
290 4
10 7
10 7
170 4
280 2
20 5
20 5
300 5
30 1
30 7
290 3
10 7
300 4
40 1
40 6
20 7
180 4
30 7
50 1
50 7
40 5
60 1
290 2
60 7
50 7
190 4
70 2
70 5
300 3
60 6
80 1
80 4
70 6
10 8
20 3
200 4
10 13
90 1
90 4
300 2
80 7
30 2
20 13
30 13
40 1
100 1
100 4
90 7
40 13
50 2
210 4
50 13
110 2
110 5
100 6
60 3
10 6
60 13
20 6
70 3
110 6
30 6
120 2
120 4
70 13
220 4
80 3
40 7
10 7
80 13
120 5
20 6
50 6
130 2
130 4
90 2
30 5
60 7
90 13
40 6
230 4
130 4
100 3
140 1
140 4
70 4
50 5
100 13
80 6
110 3
60 7
140 4
150 2
150 4
110 13
240 4
70 6
90 3
120 3
150 4
80 6
120 12
160 1
160 4
100 3
130 3
90 5
250 4
130 11
110 3
160 5
170 3
170 4
100 5
140 3
120 4
140 10
170 5
110 6
180 2
180 4
150 3
260 4
130 2
150 10
120 6
180 4
160 3
190 2
140 2
190 4
160 10
130 6
270 4
190 5
170 3
150 2
200 3
140 6
200 4
170 9
160 2
180 3
200 4
150 6
280 4
180 9
210 2
210 4
170 3
160 6
190 3
210 4
190 9
220 3
290 4
220 4
180 4
170 6
200 3
220 4
200 8
230 2
230 4
180 6
190 4
300 4
210 3
230 4
210 8
190 6
200 4
240 2
240 4
220 3
220 7
240 5
200 6
210 4
250 2
10 8
250 4
20 6
230 3
30 4
230 7
210 6
250 5
40 4
220 4
50 2
260 3
260 4
240 3
60 2
240 8
220 6
230 4
70 2
260 6
80 2
270 2
270 4
250 3
230 6
250 7
90 2
240 4
270 5
100 2
280 3
280 4
260 3
240 6
110 2
260 8
250 4
280 6
120 2
250 6
290 4
270 3
290 2
130 3
270 8
260 4
290 5
140 2
260 6
280 3
300 4
300 2
280 8
150 3
270 4
300 4
160 3
270 6
290 3
290 8
280 4
170 3
10 10
10 4
20 10
20 2
280 6
180 2
30 10
30 4
300 3
10 9
40 11
300 8
40 5
290 4
20 9
50 10
50 2
30 9
190 2
60 12
40 9
60 3
290 6
50 9
70 8
70 3
60 8
200 2
300 4
80 7
80 3
70 8
10 12
90 6
10 6
90 3
20 12
20 4
80 5
300 6
30 12
210 2
30 1
100 6
100 3
40 12
90 5
40 1
50 12
110 7
50 2
110 3
100 5
60 12
220 2
60 2
10 5
120 7
70 11
20 6
120 3
110 6
70 2
30 7
80 11
40 6
10 9
130 7
80 2
130 3
230 2
120 5
20 9
50 6
90 11
30 5
90 1
60 6
140 7
40 4
140 3
130 5
100 10
100 1
50 5
70 5
240 2
150 7
110 10
60 4
140 5
150 3
80 5
110 1
70 4
120 10
90 5
160 7
150 5
120 1
160 2
80 4
250 2
100 5
130 10
90 3
130 1
160 6
170 7
170 2
110 5
100 3
140 9
260 2
140 1
120 5
170 5
180 6
110 4
180 2
150 9
150 1
130 4
120 4
180 5
270 2
190 6
190 2
160 9
160 1
140 5
130 4
190 6
200 6
170 9
200 2
150 5
140 3
170 1
280 2
200 6
180 9
150 3
160 5
210 7
180 1
210 2
290 3
160 3
170 5
190 9
210 6
220 6
190 1
220 2
170 4
180 5
200 10
220 6
300 3
200 1
230 6
230 2
180 4
190 5
210 9
230 6
210 2
240 6
190 3
240 2
200 5
220 9
10 7
220 2
240 5
20 7
200 4
250 6
30 7
210 5
250 2
40 5
230 8
50 5
230 2
250 5
210 3
60 4
220 5
260 6
260 2
70 4
240 9
240 2
220 3
80 4
260 5
230 5
270 6
90 3
270 2
250 8
100 3
230 3
250 1
270 5
240 5
110 3
280 6
280 2
260 7
240 3
120 3
260 2
250 5
280 5
130 3
290 6
270 8
250 3
290 2
140 3
270 1
260 5
290 5
150 3
300 6
260 3
280 7
300 2
280 2
160 3
270 5
300 4
170 3
270 3
290 7
290 2
280 5
10 7
180 3
20 7
10 7
30 7
20 7
280 3
40 8
300 9
30 8
10 7
190 3
50 6
40 8
20 7
300 1
290 5
30 7
50 8
60 4
40 3
60 4
70 4
200 3
290 3
50 3
70 5
80 4
60 3
300 5
80 5
90 3
70 2
10 9
210 3
20 9
90 5
10 11
80 2
100 4
300 3
30 8
20 11
40 7
100 5
30 11
90 2
110 2
220 3
50 7
40 11
110 6
100 2
50 11
60 5
120 3
10 9
60 11
70 4
110 2
20 9
120 4
230 2
30 9
70 10
130 2
80 5
40 9
10 10
120 2
130 5
80 6
20 10
90 4
50 9
140 3
30 8
240 2
90 5
60 9
130 2
40 6
140 4
100 4
70 9
50 5
150 3
100 5
110 3
140 2
60 4
150 4
80 7
110 5
250 3
70 5
160 2
120 3
90 7
150 2
160 3
80 4
120 5
100 9
130 3
170 2
90 4
160 2
260 3
130 5
170 3
110 8
140 3
100 3
180 2
140 5
170 2
120 8
110 3
180 4
150 3
270 3
150 5
130 8
190 2
180 2
120 3
160 3
190 5
140 8
130 3
160 3
280 2
190 2
200 2
170 3
200 5
150 6
140 4
170 3
200 2
210 2
180 3
150 4
160 5
290 2
210 5
180 3
210 2
160 4
190 3
170 6
220 2
190 3
220 4
300 3
170 4
180 6
220 2
200 3
230 2
200 3
230 4
180 4
190 6
210 3
230 2
210 3
240 2
190 4
240 5
10 7
200 6
20 7
220 3
240 2
30 7
220 2
40 7
200 4
250 2
250 5
210 6
50 3
230 3
60 2
250 2
230 2
210 4
70 3
260 2
220 6
260 4
80 3
240 3
260 2
220 4
90 2
240 3
230 6
270 2
100 2
270 4
250 3
230 4
110 2
270 2
250 2
240 7
120 2
280 2
280 2
260 3
240 4
130 2
280 2
260 2
250 7
140 2
290 2
270 3
290 2
250 3
270 2
290 2
150 2
260 6
160 2
300 2
260 3
280 3
300 3
280 2
300 2
270 6
170 2
270 3
290 3
180 2
290 2
280 7
10 6
10 8
20 6
20 7
190 2
30 6
10 8
280 3
30 7
20 6
40 6
300 3
30 6
40 6
50 2
300 2
40 6
290 6
50 7
200 2
60 3
50 7
60 7
70 2
290 3
60 7
70 6
80 2
210 2
70 6
80 7
300 7
90 1
80 6
10 7
90 7
20 7
10 8
90 6
30 7
100 1
300 3
220 2
20 8
100 7
40 6
30 5
100 4
40 6
110 0
50 6
110 6
50 8
60 6
110 4
230 2
120 1
60 4
120 6
10 6
70 5
20 6
120 4
70 4
80 4
130 0
30 7
130 6
10 9
80 5
240 2
40 6
20 9
90 4
130 3
50 5
30 9
140 0
90 5
140 5
40 9
60 4
100 4
140 3
50 8
100 5
150 1
70 4
250 2
150 5
110 4
60 4
80 4110
 1505 
2
70 3
120 4
160 0
160 5
90 4
80 3
120 5
260 2
160 3
130 5
100 4
170 0
90 2
170 5
130 5
110 4
140 4
100 2
170 4
270 2
180 0
180 5
140 5
110 2
120 4
150 4
180 3
150 5
120 2
190 0
130 4
190 5
160 4
280 2
190 3
130 2
160 5
140 4
200 0
200 5
170 4
140 2
150 4
200 3
170 5
290 2
210 1
180 4
210 5
150 2
160 3
180 6
210 3
190 4
160 2
220 0
300 2
170 3
220 5
190 7
220 3
170 2
200 4
180 3
230 0
230 5
200 7
180 2
230 3
190 3
210 4
10 10
240 0
210 7
240 5
20 10
190 2
30 10
240 3
200 3
40 10
220 4
50 10
220 7
250 0
200 2
250 5
60 6
210 3
250 2
230 4
70 5
230 7
210 2
80 5
260 4
260 0
220 4
90 5
260 2
240 4
220 2
100 4
240 7
230 4
270 4
270 0
110 4
250 4
270 2
230 2
120 5
250 7
240 3
280 4
280 0
130 5
260 4
280 2
240 2
260 7
140 5
250 3
290 4
290 1
150 5
270 4
250 2
290 3
270 7
160 5
260 3
300 4
300 0
280 4
260 2
300 2
170 5
280 7
270 3
180 4
270 2
290 4
290 6
10 8
190 5
280 3
10 6
20 8
20 3
10 6
30 8
20 6
30 3
280 2
40 8
30 6
300 4
40 4
200 5
40 4
50 5
50 4
300 6
290 3
50 2
60 6
60 4
60 2
70 6
210 5
70 4
290 2
70 1
80 6
80 4
80 1
300 3
90 6
10 9
90 4
220 6
20 9
90 1
10 9
100 5
30 9
100 4
300 2
20 9
40 9
100 1
30 9
110 6
230 5
110 4
50 9
40 8
110 1
60 9
50 5
120 5
120 4
60 5
70 9
10 10
120 1
20 10
240 6
130 5
70 6
80 7
130 4
30 10
130 1
10 8
40 10
80 5
90 5
20 8
140 6
140 4
50 10
30 8
90 5
140 0
250 5
100 5
60 10
40 7
150 5
150 4
100 5
50 4
70 10
110 5
150 1
60 4
80 10
110 4
160 6
260 6
160 4
120 5
70 5
90 9
160 1
120 5
80 4
130 5
100 7
170 6
170 4
90 3
170 0
130 4
270 6
110 7
140 4
100 2
180 6
180 4
140 4
180 0
120 6
110 3
150 2
280 6
150 5
190 6
190 4
130 5
120 3
190 0
160 2
160 4
140 3
130 2
200 6
200 4
170 3
200 0
290 5
140 2
150 5
170 4
210 6
210 4
180 2
210 0
150 2
160 3
180 4
300 6
220 6
190 3
220 4
160 2
170 2
220 0
190 4
170 3
200 5
180 2
230 5
230 4
200 4
230 0
10 7
180 4
20 7
210 3
190 2
30 7
240 4
240 4
210 4
240 0
40 8
190 4
50 8
200 2
220 2
60 6
220 4
250 4
250 4
250 0
70 6
200 4
210 2
80 6
230 2
230 4
90 4
260 4
260 4
210 4
260 0
220 2
100 6
240 3
240 4
110 4
220 3
270 4
270 4
270 0
230 2
120 3
250 2
230 3
250 4
130 5
240 2
280 4
280 4
280 1
140 4
260 2
240 3
260 4
150 4
250 2
290 4
290 4
290 1
270 2
160 4
250 3
270 4
260 2
170 3
300 4
300 4
300 0
280 2
260 3
280 4
180 4
270 2
290 2
190 4
270 3
10 7
290 4
10 6
10 8
280 2
20 7
20 6
20 8
30 8
30 6
30 8
200 3
40 6
40 5
40 7
280 3
300 2
50 6
50 5
50 6
300 4
60 7
290 2
60 5
210 4
60 6
70 6
70 5
70 6
80 6
80 6
290 3
80 6
220 4
90 6
90 4
90 6
300 2
10 7
20 8
100 6
100 4
10 9
100 5
30 5
230 4
20 9
300 3
40 5
110 7
30 8
110 5
110 6
50 4
40 6
120 6
60 4
50 5
120 4
120 5
240 3
60 5
10 10
70 4
130 6
20 10
130 4
130 5
70 4
80 4
30 10
40 9
80 2
250 4
10 10
140 6
90 4
140 4
140 5
50 5
20 10
90 2
30 10
100 4
60 6
150 6
40 10
150 5
150 4
100 2
70 6
50 10
110 4
260 4
80 5
60 9
160 6
110 2
160 5
160 4
120 4
70 9
90 5
120 3
170 6
80 9
270 4
130 4
170 5
170 4
100 2
130 2
90 8
110 2
140 4
180 6
180 5
180 4
100 7
140 2
120 4
280 4
150 4
110 8
190 6
190 5
190 4
150 2
130 2
120 8
160 4
290 5
160 2
200 6
140 2
200 5
200 5
130 6
170 4
150 4
170 3
140 6
210 6
210 5
210 4
180 4
300 5
160 3
150 5
180 3
220 6
220 5
190 4
220 4
170 2
160 3
190 3
230 6
200 4
230 5
180 2
170 3
230 4
10 9
200 3
20 10
30 9
210 4
180 3
190 2
40 9
240 6
240 5
240 4
50 9
210 3
60 7
190 3
200 2
220 4
70 8
250 6
250 6
220 3
250 4
80 7
200 4
210 2
230 4
90 7
260 6
260 6
230 3
100 7
260 4
210 3
220 2
110 6
240 4
270 6
270 6
240 3
120 6
220 3
270 4
230 2
130 6
250 4
250 3
280 6
230 3
280 6
140 6
240 2
280 4
260 4
150 6
240 3
260 3
290 6
290 6
250 2
160 6
290 4
270 4
250 3
270 3
170 6
260 2
300 6
300 6
300 4
180 6
280 3
260 3
280 3
270 3
190 5
290 4
10 9
270 3
10 10
20 9
20 10
200 6
290 3
30 7
10 6
280 3
30 9
20 6
40 2
40 6
30 6
50 2
50 4
40 5
300 4
210 5
280 3
60 2
60 4
50 5
300 3
290 3
70 3
60 4
70 4
80 3
220 5
70 3
80 4
290 3
90 3
80 6
90 4
300 3
90 6
100 3
230 5
10 7
100 4
20 7
100 5
30 6
10 7
110 3
110 4
20 6
300 3
40 6
30 5
110 6
240 5
50 6
120 3
120 4
40 5
60 4
50 7
120 4
130 2
130 4
70 6
10 9
60 4
20 9
250 5
130 3
80 6
70 3
30 9
140 2
140 4
40 9
10 6
90 6
80 3
140 3
20 6
50 9
150 3
30 6
150 4
90 2
100 3
260 5
60 7
40 3
150 3
70 7
100 3
50 3
110 4
160 5
160 4
60 3
80 6
110 2
160 3
120 5
270 5
70 3
90 8
170 4
170 4
120 2
80 3
130 4
100 8
170 3
90 3
180 4
130 2
180 4
280 5
110 6
140 5
100 3
180 3
140 2
120 6
190 3
190 4
150 5
110 3
190 3
150 2
130 6
290 5
120 3
160 5
200 6
200 4
140 6
160 2
130 3
200 3
170 5
210 6
300 5
210 4
150 5
140 3
170 2
210 3
180 6
160 6
220 5
150 3
220 4
180 2
190 6
220 3
170 6
160 3
190 2
230 5
10 5
230 4
20 6
200 5
30 5
180 6
170 3
230 3
40 6
200 2
240 5
50 5
240 4
210 5
180 3
190 5
60 4
240 3
210 2
70 3
250 4
190 2
250 4
80 2
200 5
220 5
250 3
90 3
220 2
200 3
210 5
100 2
260 4
230 6
260 4
110 2
230 2
260 3
210 2
220 4
120 2
270 4
240 5
270 4
240 2
130 2
220 3
270 3
230 4
250 5
280 4
140 2
280 4
250 2
230 3
150 1
280 3
240 4
260 5
290 5
160 1
290 4
260 2
240 3
250 4
290 3
170 1
270 5
300 5
250 3
270 2
300 4
180 1
260 4
300 3
280 4
260 3
190 1
280 2
270 4
10 7
20 7
10 10
200 1
290 4
30 6
20 10
270 3
40 7
30 10
290 2
10 7
40 10
280 4
50 7
20 7
210 1
30 4
50 10
60 7
40 4
60 11
300 4
70 7
280 3
50 5
70 8
300 2
220 1
80 7
60 3
290 4
80 6
70 3
90 5
90 7
80 3
230 1
100 5
290 3
100 4
90 3
10 9
300 5
110 3
20 9
110 4
100 3
10 11
30 8
240 1
20 11
120 3
40 7
300 3
30 11
110 3
120 4
50 4
40 9
130 2
60 4
50 8
120 3
130 4
250 2
60 4
70 4
140 3
10 10
130 3
20 10
70 4
140 4
80 4
30 5
80 4
150 3
40 4
90 3
140 3
260 3
10 7
150 4
20 7
50 4
90 3
100 3
30 5
160 2
60 4
150 3
40 4
100 3
160 4
110 3
70 5
50 4
270 3
170 2
110 3
160 3
80 5
60 4
120 3
170 5
70 4
90 4
120 3
180 2
130 3
170 3
80 4
100 4
280 2
180 5
130 3
90 4
140 3
110 4
190 2
180 3
140 3
100 3
190 5
120 4
150 3
290 2
110 4
190 3
200 2
150 3
130 4
200 5
160 3
120 3
160 3
200 3
140 5
210 2
300 3
130 3
170 3
210 5
170 3
150 5
140 3
210 3
220 2
180 3
220 5
160 4
180 3
150 3
190 3
220 3
230 2
10 9
170 4
20 9
190 3
160 3
230 5
30 9
40 5
200 3
230 3
180 4
240 2
50 3
170 2
200 3
60 3
240 5
210 3
70 4
190 4
180 3
240 3
210 3
250 2
80 2
250 4
90 2
220 3
200 4
190 2
250 3
220 3
100 2
260 2
210 3
260 4
200 3
110 2
230 3
230 3
260 3
120 2
270 2
210 3
220 4
240 3
270 4
130 3
240 3
270 3
140 3
280 2
220 3
230 4
250 3
280 4
250 3
150 3
280 3
230 3
240 4
290 2
160 1
260 3
290 5
260 3
240 3
170 3
250 5
290 3
300 2
270 3
180 2
270 3
300 5
250 3
260 5
300 3
190 3
280 3
280 3
260 3
10 8
270 5
20 8
200 4
30 7
10 9
290 3
40 4
20 9
30 9
50 5
290 3
270 3
210 3
10 6
40 9
20 7
60 4
280 5
30 7
50 8
70 4
40 7
60 8
300 3
220 3
50 6
80 4
70 8
280 3
300 3
60 6
90 4
290 5
80 5
70 6
230 3
100 3
90 5
80 6
290 3
110 3
100 5
90 6
10 9
300 5
240 3
20 9
110 6
120 3
10 8
100 6
30 9
20 8
40 9
30 8
120 4
110 5
130 3
300 3
50 9
40 4
250 3
50 2
60 9
120 5
130 2
140 3
60 2
70 9
10 7
130 4
70 2
140 1
80 9
150 3
20 8
260 3
30 5
80 1
90 8
140 4
40 4
150 2
160 3
10 8
90 2
50 4
100 8
20 8
150 4
60 5
30 2
270 4
100 2
160 2
110 4
40 2
170 3
70 5
50 3
110 2
160 4
80 4
170 3
120 4
60 2
180 3
280 2
120 2
90 3
70 4
170 4
130 3
180 2
80 3
100 3
130 2
190 3
140 3
90 2
180 4
110 3
290 2
140 2
190 2
100 3
200 3
150 3
120 4
190 4
150 2
110 3
200 1
130 3
160 2
210 3
300 2
120 2
160 2
200 4
140 3
210 2
170 2
130 3
220 3
170 3
150 3
210 4
140 3
180 2
220 2
180 2
160 3
230 3
10 5
150 2
20 5
220 4
190 2
30 8
230 2
190 3
170 3
40 4
160 3
240 3
50 4
200 1
230 4
60 5
180 3
200 3
170 3
240 2
70 5
250 3
210 1
80 4
240 4
190 3
180 3
210 3
90 4
250 2
260 3
100 4
220 1
200 3
190 3
250 4
220 2
110 4
260 2
230 1
210 2
200 6
120 4
270 3
260 4
230 2
130 3
210 5
220 3
270 4
240 1
280 3
140 3
240 2
270 4
220 5
230 3
150 3
250 1
280 3
290 3
250 2
160 4
280 4
230 5
240 3
260 1
170 4
290 3
260 2
300 3
290 4
240 4
250 3
180 4
270 1
300 4
270 2
190 4
250 4
300 4
260 3
10 9
280 1
20 7
200 4
280 2
30 5
260 4
40 5
270 3
50 6
10 12
210 4
20 12
290 2
60 6
10 10
30 12
20 10
290 3
70 6
40 12
270 4
30 7
280 3
50 12
220 4
80 6
40 5
60 12
50 3
300 2
90 6
70 11
60 4
300 3
280 4
230 4
100 6
80 11
70 4
290 3
110 6
90 11
80 4
240 4
90 3
100 12
120 6
290 4
10 8
300 3
100 3
110 8
20 8
130 6
10 11
30 8
110 4
250 4
20 11
40 6
120 4
30 11
140 6
50 3
300 4
40 11
120 4
130 4
60 3
50 11
150 6
260 4
70 1
130 4
60 10
10 6
140 4
20 6
80 1
70 9
160 6
30 6
140 4
80 8
90 1
40 6
150 3
270 4
50 6
10 3
170 6
90 6
100 1
150 4
20 3
60 6
160 3
30 3
100 4
110 1
70 2
40 4
160 4
180 6
280 4
50 4
110 3
80 2
170 3
120 1
60 4
170 4
90 2
120 3
190 5
70 4
130 1
180 3
100 2
80 4
290 4
130 3
180 4
140 1
200 4
110 2
90 4
190 3
140 3
150 1
120 2
100 4
190 4
210 4
300 4
150 3
200 3
110 4
130 2
160 1
200 4
120 4
160 3
220 5
140 2
210 3
170 1
130 4
210 4
170 3
150 2
230 5
180 1
10 7
220 3
140 4
20 7
160 3
180 3
30 6
220 4
40 3
190 2
150 4
240 5
50 2
230 3
170 3
190 3
60 2
160 4
230 4
200 3
70 3
180 3
250 5
240 4
200 3
80 3
170 3
240 4
210 3
90 3
190 3
210 3
260 5
180 3
100 3
250 4
220 2
250 4
110 2
200 3
190 3
220 3
120 2
270 5
260 3
230 2
210 3
260 4
200 3
130 3
230 3
280 6
270 3
140 3
220 3
240 2
210 3
270 4
240 3
150 2
230 3
290 6
280 3
220 3
250 1
160 2
280 3
250 3
170 2
240 3
230 3
260 1
290 3
300 5
260 3
290 3
180 2
250 3
240 3
270 1
300 3
190 2
270 3
300 3
10 10
250 3
260 3
20 10
200 2
30 10
280 1
40 10
280 3
50 3
260 3
210 2
270 3
10 12
60 4
20 12
30 12
70 4
290 2
10 8
20 6
40 12
290 3
220 2
80 3
30 3
50 12
270 3
280 3
40 3
90 3
60 12
50 4
70 12
300 2
230 2
100 3
60 4
300 3
80 12
70 4
280 4
110 3
290 2
90 9
80 4
240 2
120 3
100 9
90 4
290 3
130 3
100 5
110 8
10 6
300 2
250 2
20 6
10 8
110 5
30 6
140 3
120 4
20 8
30 9
40 6
120 5
40 8
50 6
130 4
300 3
150 3
260 2
50 8
60 6
130 5
60 7
140 4
70 6
160 3
10 7
70 6
20 7
80 7
140 5
150 4
30 7
270 2
80 7
170 3
90 7
40 7
150 5
90 6
50 6
10 8
160 4
100 7
20 8
60 5
180 3
100 6
30 8
160 5
280 2
110 6
70 6
40 8
170 4
110 7
50 8
80 5
190 3
120 6
170 5
60 5
120 7
90 5
180 3
70 3
290 2
130 5
100 6
200 3
130 7
180 5
80 3
190 4
140 5
110 6
90 2
140 8
210 3
190 5
300 2
150 5
100 3
120 5
200 4
150 7
110 3
130 4
200 5
220 3
160 6
160 6
210 4
120 3
140 5
170 6
210 5
230 3
130 2
170 5
10 7
150 5
20 9
220 3
30 7
180 4
140 2
40 7
220 5
180 5
160 5
240 3
50 7
150 2
230 3
190 5
60 6
190 6
170 5
230 5
70 7
250 4
160 2
80 6
200 5
240 3
180 6
200 6
90 5
170 2
240 5
260 4
100 5
210 5
190 5
250 3
210 6
180 2
110 5
250 5
220 5
200 5
270 4
120 5
190 2
220 6
260 3
130 5
260 5
210 6
230 5
200 2
230 6
280 3
140 5
270 3
220 6
150 4
270 5
210 2
240 5
240 6
290 3
160 4
280 3
230 6
220 2
250 6
280 5
250 7
170 4
300 3
240 6
230 2
290 3
180 4
260 6
290 5
260 7
250 6
190 4
240 2
300 3
270 5
300 5
270 7
200 4
260 6
250 2
280 5
210 4
280 7
270 7
260 2
10 7
220 4
20 7
290 5
30 7
40 5
280 7
270 2
50 4
230 4
290 7
60 3
300 5
70 2
240 4
280 2
80 2
290 7
90 3
300 7
100 3
250 5
290 3
300 7
110 4
120 5
260 5
300 3
130 4
10 13
270 5
140 5
20 13
30 13
40 13
150 4
50 13
280 5
10 7
60 13
20 7
160 4
30 8
70 11
40 7
80 10
50 3
170 4
290 4
60 6
90 11
70 6
180 5
100 10
80 6
300 5
110 10
90 6
190 5
120 8
100 5
200 4
130 5
110 5
120 6
140 5
210 4
130 4
150 5
220 4
140 3
160 4
150 3
230 4
170 3
160 3
180 3
240 4
170 3
190 4
250 4
180 3
200 4
260 4
190 3
210 3
200 3
270 4
220 3
210 2
230 3
280 6
240 3
220 3
290 6
250 3
230 3
300 6
260 3
240 3
270 3
250 3
280 3
260 3
290 3
270 3
300 3
280 4
290 3
300 3
