10 9
20 7
10 6
10 8
10 8
10 7
10 10
10 6
10 12
20 4
30 6
20 10
20 7
20 5
20 6
20 7
20 10
30 4
30 4
30 5
30 6
30 4
40 5
30 6
30 7
40 4
40 3
40 4
40 4
40 5
50 5
40 6
40 7
50 4
50 4
50 5
50 4
50 4
60 4
50 7
50 4
60 4
60 4
60 4
60 4
60 4
70 4
60 6
60 4
70 4
70 3
70 4
70 4
70 3
80 4
70 5
80 4
70 2
80 3
80 4
80 3
80 2
90 4
90 4
90 4
90 4
90 3
90 2
80 5
80 2
100 4
100 4
100 3
100 4
100 4
100 3
90 5
90 2
110 5
110 4
110 4
110 3
110 4
110 3
120 4
100 5
100 2
120 4
120 4
120 3
120 3
120 4
130 4
110 5
110 2
130 4
130 4
130 5
130 3
130 3
140 5
120 5
120 2
140 4
140 3
140 5
140 3
140 3
150 6
130 5
130 2
150 4
150 3
150 4
150 3
150 3
160 4
140 5
140 2
160 4
160 3
160 4
160 3
160 3
170 5
150 5
150 2
170 4
170 4
170 3
170 3
170 3
180 5
160 5
160 2
180 4
180 3
180 4
180 3
180 3
190 4
190 4
170 5
190 3
190 4
170 4
190 3
190 3
200 4
200 4
200 3
200 4
180 5
200 4
200 3
180 3
210 4
210 4
210 3
210 3
210 4
210 3
190 5
190 3
220 4
220 4
220 4
220 3
220 3
220 4
200 5
200 3
230 4
230 4
230 4
230 3
230 4
230 3
210 5
210 3
240 4
240 4
240 4
240 3
240 4
240 3
220 5
220 2
250 4
250 4
250 4
250 3
250 3
250 4
230 5
260 4
230 2
260 4
260 4
260 3
260 4
260 3
270 4
240 5
240 2
270 4
270 4
270 3
270 3
270 4
280 4
250 5
250 2
280 4
280 4
280 3
280 4
280 3
290 4
260 5
260 2
290 4
290 4
290 3
290 4
290 3
300 4
270 5
270 2
300 4
300 3
300 3
300 4
300 3
10 8
20 5
10 6
30 5
20 5
10 9
10 8
280 5
10 7
10 3
40 5
280 3
30 6
20 6
20 4
20 4
20 7
50 5
40 5
30 3
30 4
30 5
30 4
60 5
50 3
40 6
40 3
40 5
40 4
50 5
50 3
70 5
60 3
50 5
50 5
60 2
60 6
290 5
70 3
80 5
290 2
60 4
60 4
70 7
70 2
80 4
90 5
70 4
70 4
80 2
80 7
90 4
100 5
80 4
80 4
90 6
90 2
100 5
300 5
110 4
300 2
100 5
100 2
90 4
90 4
110 4
120 4
110 2
110 5
100 4
100 4
120 3
10 5
130 4
10 5
120 2
120 5
20 2
110 4
20 5
110 4
130 3
30 4
30 5
140 4
130 2
130 5
40 4
40 5
120 4
120 4
140 2
50 4
50 5
150 4
140 5
140 2
60 5
130 3
60 5
130 4
150 5
160 4
150 2
150 5
70 5
70 5
160 5
140 3
140 4
80 6
80 5
170 4
160 2
160 5
90 5
170 5
90 5
150 4
150 4
180 4
170 2
170 5
100 4
100 5
180 4
160 4
160 4
180 2
180 5
110 4
190 4
110 5
190 5
170 4
170 4
120 4
120 5
190 4
190 2
200 4
200 4
130 4
130 5
180 3
180 4
200 2
200 4
210 4
210 3
140 4
140 5
210 4
210 2
190 3
190 4
220 4
150 4
150 5
220 3
220 4
220 2
200 3
230 4
200 4
160 4
160 5
230 3
230 4
230 2
240 4
210 3
170 4
210 4
170 5
240 3
240 4
240 2
180 4
250 4
180 5
220 3
220 4
250 3
250 4
250 2
190 4
190 5
260 4
230 2
230 4
260 3
260 4
260 2
200 4
200 5
270 4
240 2
240 4
270 3
270 4
210 4
270 2
210 5
280 4
250 3
250 4
280 3
220 4
280 4
280 2
220 5
290 4
260 2
260 4
290 3
230 4
230 5
290 4
290 2
300 4
300 3
270 2
270 4
240 4
300 4
240 5
10 9
300 2
20 7
30 4
10 10
40 5
20 10
10 8
10 10
280 2
50 5
250 4
30 6
280 4
20 7
20 8
250 5
40 6
30 5
60 5
30 7
40 5
50 4
40 7
70 5
50 5
60 4
50 6
80 6
60 5
260 4
60 6
70 4
290 2
290 4
260 5
90 5
70 3
70 5
80 3
80 3
100 5
80 4
90 2
90 3
110 5
90 4
270 4
100 2
270 5
300 2
300 4
100 4
100 4
120 5
110 2
110 5
110 4
130 5
120 3
280 4
10 10
120 4
10 6
120 4
280 5
20 8
20 4
140 5
130 3
30 4
30 4
130 4
130 4
40 2
40 3
140 3
150 5
50 3
140 4
50 3
140 3
290 4
290 5
60 3
150 3
160 5
60 3
150 4
150 3
70 3
70 3
160 3
170 5
80 2
160 4
80 3
160 4
300 4
300 5
170 3
90 4
180 5
90 3
170 4
170 3
100 5
100 3
10 10
180 3
190 5
20 6
180 5
180 3
10 7
110 5
30 6
110 3
20 4
190 3
40 6
30 3
200 5
190 5
120 5
190 3
120 3
50 5
40 3
50 3
60 6
200 2
130 5
210 5
200 4
130 3
200 3
60 3
70 6
70 3
210 2
140 5
80 5
140 3
220 5
210 5
210 3
80 3
90 5
150 5
220 2
90 3
150 3
230 5
100 5
220 4
220 3
100 3
160 5
110 5
160 3
230 2
240 5
230 5
110 3
230 3
120 5
170 5
170 3
120 3
240 3
240 5
250 5
130 5
240 3
180 5
130 3
180 3
250 3
140 5
250 5
260 5
250 3
140 4
190 5
190 3
150 5
260 2
150 3
260 5
270 5
260 3
200 5
160 5
200 3
160 3
270 3
270 5
280 5
170 5
270 3
210 5
210 3
170 4
280 3
180 5
280 5
290 5
280 3
220 5
180 3
220 3
190 5
290 3
290 5
190 3
230 5
290 3
300 6
230 3
200 5
300 3
200 3
10 6
300 5
240 5
20 6
300 3
240 3
30 8
210 5
40 7
10 8
50 8
210 3
20 6
10 5
10 8
30 5
20 4
60 7
250 5
20 6
40 5
30 3
250 3
220 5
70 5
30 5
40 5
50 3
40 4
80 5
50 5
220 3
60 4
50 5
60 5
90 6
70 4
60 4
260 5
230 5
70 5
260 3
80 4
70 5
100 5
80 5
230 3
80 5
90 5
110 5
90 4
90 5
100 5
270 5
240 5
120 5
100 4
270 3
100 4
110 5
240 3
130 5
110 3
110 3
120 5
250 5
120 3
140 5
280 4
120 3
280 3
130 6
250 3
130 3
150 6
130 3
140 5
140 3
260 5
140 3
160 6
290 4
150 5
260 3
290 3
150 3
150 3
170 6
160 5
270 5
160 3
160 3
180 5
300 4
270 3
170 5
300 3
170 3
170 3
190 4
180 5
280 5
180 3
10 7
180 2
10 10
20 9
280 3
200 5
20 7
190 5
30 7
30 8
190 3
40 8
190 2
40 6
290 5
50 7
200 4
210 5
50 6
200 4
60 7
290 3
200 3
60 6
70 5
210 4
220 3
70 5
210 4
300 5
80 4
210 2
80 5
90 4
300 2
220 4
230 4
90 4
220 3
220 3
10 12
100 4
20 7
100 4
230 4
30 7
240 3
10 8
110 4
230 3
20 8
40 5
230 3
110 5
30 6
50 5
120 4
240 4
40 6
250 3
120 5
60 5
240 3
50 7
240 3
130 4
70 5
130 4
60 6
250 4
80 4
260 4
250 3
70 7
140 4
250 3
140 4
90 4
80 5
260 4
150 4
100 4
270 3
90 5
260 3
150 4
260 3
110 4
100 5
160 4
270 4
160 4
280 3
270 3
120 4
110 5
270 3
170 4
170 4
120 5
130 4
280 4
280 3
290 2
280 3
180 4
130 5
140 4
180 3
290 4
140 5
290 3
150 4
190 4
300 2
290 3
190 4
150 5
160 4
300 4
10 9
200 4
300 3
20 6
200 4
300 3
30 6
160 5
40 8
170 4
10 5
50 6
210 5
20 5
10 6
210 4
30 5
60 7
10 9
20 3
170 4
20 3
40 5
30 3
180 4
70 6
30 3
40 3
50 5
40 3
80 7
220 5
50 3
60 6
220 3
50 3
180 4
60 3
90 6
190 4
70 5
60 3
70 3
100 5
80 5
70 3
80 3
230 5
190 3
230 3
90 5
80 3
110 5
200 5
90 3
100 4
90 3
120 5
100 3
200 4
100 3
110 4
240 4
210 5
240 3
130 5
110 2
110 3
120 4
140 5
120 3
210 4
120 3
130 4
250 4
220 5
250 3
130 2
150 5
130 3
140 4
220 5
140 1
160 5
140 3
150 4
230 5
260 4
260 3
150 1
150 3
170 5
160 4
230 5
160 1
160 3
240 5
180 5
270 4
170 4
270 3
170 1
170 3
240 5
190 5
180 4
250 5
180 1
180 3
280 4
200 5
280 3
190 4
250 5
190 3
190 3
260 5
210 5
200 5
290 4
200 3
290 3
200 3
260 5
220 5
210 5
270 5
210 3
210 3
300 4
220 5
230 5
300 3
270 4
220 3
220 3
280 5
230 5
240 5
10 9
230 3
10 11
20 9
230 3
280 4
20 8
30 5
30 3
240 4
40 4
250 5
290 5
40 5
240 3
50 4
240 3
50 5
60 4
250 4
290 4
60 6
260 5
70 4
250 3
70 7
250 3
300 5
80 3
80 7
260 4
270 5
90 3
300 4
260 3
90 5
260 3
10 5
100 3
20 6
100 5
270 4
280 5
30 6
110 3
270 4
10 8
40 4
270 3
110 5
20 5
50 3
30 4
120 3
280 5
120 6
60 3
40 3
290 5
280 3
50 3
280 3
130 3
70 4
130 6
60 3
80 3
290 4
140 3
70 3
300 5
140 6
290 2
90 4
290 3
80 3
150 3
100 4
150 5
10 9
300 4
90 3
20 7
300 3
30 6
110 4
160 3
300 3
100 3
40 6
160 6
10 4
50 7
120 4
20 4
110 3
60 6
10 10
30 4
170 3
10 8
20 8
40 4
170 5
70 4
20 3
30 5
130 4
120 3
50 3
30 3
40 3
80 4
40 3
60 3
180 3
50 2
50 2
90 4
180 5
140 4
130 3
70 3
60 2
60 2
100 4
80 3
70 3
70 1
190 3
150 4
140 3
80 4
90 3
110 4
190 6
80 1
90 4
100 3
120 4
90 1
150 3
160 4
200 3
100 3
110 3
100 2
200 5
130 4
110 3
160 3
120 3
170 4
110 1
140 4
210 3
120 4
210 5
130 3
120 1
170 3
150 4
180 4
130 3
140 3
130 1
220 3
160 3
140 3
220 6
180 3
140 2
150 3
190 4
170 3
150 3
150 1
230 3
160 3
190 3
230 6
200 4
160 3
180 4
160 2
170 3
240 3
200 3
170 2
190 4
170 2
210 4
240 6
180 3
180 2
200 4
180 2
210 3
190 3
250 3
220 4
250 6
190 2
190 1
210 4
200 3
220 3
260 3
230 4
200 3
200 1
220 4
260 5
210 3
230 4
210 3
210 1
240 3
230 4
220 3
270 3
270 6
220 3
220 2
240 4
240 4
230 3
250 3
280 3
230 3
230 1
280 6
240 3
250 4
250 4
260 3
240 3
240 2
290 3
250 3
260 4
290 6
260 4
250 2
250 2
270 3
260 3
270 4
300 3
300 6
270 4
260 2
260 2
280 4
270 3
280 4
10 9
20 8
270 2
10 4
270 2
30 6
280 4
20 4
40 5
280 3
30 1
290 3
290 4
50 5
40 3
280 2
50 5
60 5
280 2
290 4
60 4
290 3
70 6
300 4
70 3
300 3
80 5
290 3
290 2
80 4
90 5
300 3
10 4
300 4
20 3
90 3
100 4
30 4
10 8
300 3
20 6
40 3
300 2
100 4
10 4
30 8
50 4
110 4
20 4
40 9
10 14
60 4
30 4
110 2
10 9
20 12
40 4
50 5
70 5
20 5
120 5
10 8
30 9
50 4
20 7
30 6
60 5
80 4
120 3
40 6
30 4
40 4
60 4
130 5
40 2
70 5
50 7
50 4
90 4
70 4
50 2
130 3
60 3
60 6
80 8
100 4
80 4
60 2
140 5
70 3
70 7
70 2
90 4
110 4
90 5
140 3
80 3
80 7
80 2
100 4
150 4
120 4
90 3
100 5
90 2
150 3
90 6
110 5
100 4
130 4
110 6
160 4
100 2
100 6
120 4
110 3
160 4
140 4
110 2
120 5
110 6
130 4
170 4
120 3
120 2
150 4
130 6
170 3
140 4
130 3
120 6
130 2
180 5
160 4
140 5
140 3
150 4
130 6
180 4
140 2
170 4
150 3
160 4
190 5
150 6
140 6
150 2
190 2
180 4
160 3
170 4
160 2
160 6
150 6
200 5
170 3
190 4
200 3
180 4
170 2
160 6
170 6
210 5
180 3
200 4
190 4
180 2
210 2
170 6
180 6
190 3
210 4
220 6
200 4
190 2
180 6
220 3
190 6
200 3
220 4
210 4
200 2
230 5
190 6
200 6
210 3
230 2
220 4
210 2
230 4
240 5
200 6
220 3
210 6
220 2
230 4
240 3
240 2
230 3
210 6
250 6
230 2
220 7
240 4
250 3
250 3
240 3
220 6
240 2
250 4
230 6
260 5
260 4
260 2
250 3
250 2
230 6
260 4
270 4
240 6
270 6
260 3
270 3
260 2
240 6
270 4
280 4
250 6
280 6
270 3
270 2
280 3
280 4
250 6
290 4
260 6
280 3
290 6
280 2
290 4
290 3
260 6
300 3
270 6
290 3
290 2
300 6
300 4
10 1
20 1
270 6
300 3
30 1
40 0
300 3
280 6
10 9
300 2
50 0
10 5
20 8
20 9
60 1
30 4
10 8
280 6
30 7
40 5
10 9
70 1
20 3
20 9
10 6
50 4
40 7
30 3
30 6
20 5
80 1
290 6
60 5
50 6
30 4
40 3
40 3
90 0
40 3
70 4
50 4
60 6
50 3
50 3
290 6
60 3
80 5
100 1
60 3
70 7
60 4
70 3
90 4
110 2
300 6
70 3
70 4
80 6
80 3
100 4
80 4
80 3
120 2
90 6
90 3
300 6
110 4
90 4
90 3
130 2
100 3
10 11
100 6
100 4
20 9
120 4
100 3
110 3
30 8
140 2
110 5
110 3
10 11
130 4
40 5
20 9
120 3
110 4
150 2
50 5
120 6
120 3
30 8
140 4
60 4
130 3
40 5
120 4
130 3
160 2
130 5
50 5
70 4
150 4
140 3
130 4
60 4
140 3
80 4
170 2
140 5
160 4
70 5
150 4
90 4
150 3
140 4
80 4
180 2
150 5
170 4
160 4
100 4
160 3
90 5
150 4
190 2
110 4
180 4
170 4
160 4
100 6
170 3
160 4
120 4
200 2
190 4
110 6
180 4
170 5
180 3
130 4
170 4
120 6
210 2
190 4
200 4
180 6
190 3
140 4
130 5
180 4
200 4
210 4
220 2
200 3
190 5
150 4
140 5
190 4
210 4
220 4
230 2
210 3
160 4
150 5
200 5
220 4
200 4
230 4
240 2
220 3
160 4
170 4
210 5
230 3
240 4
210 4
170 6
250 2
230 3
180 4
220 5
240 3
250 4
180 6
220 5
240 3
190 4
260 2
230 6
250 3
190 6
260 4
200 4
250 3
230 5
270 2
260 3
240 5
200 6
210 4
270 4
260 3
280 2
240 5
270 3
210 6
250 6
220 4
280 4
270 3
290 2
250 4
280 3
220 7
230 4
260 6
280 3
290 4
300 2
260 4
290 3
230 6
240 4
290 3
300 4
10 7
270 5
20 5
30 5
270 4
40 6
300 2
240 6
10 8
250 4
50 5
300 3
20 5
30 6
280 4
60 4
40 5
10 7
70 4
280 4
50 5
20 5
250 6
10 10
80 4
30 4
60 4
20 7
260 4
40 4
30 6
90 4
70 4
290 4
50 4
40 6
80 4
50 6
100 4
60 5
260 6
290 4
60 6
90 4
70 5
270 4
110 4
70 6
80 5
100 4
120 4
300 4
80 6
90 5
110 4
270 6
90 6
130 4
300 4
100 5
280 4
120 4
100 6
110 5
140 4
10 7
130 4
20 9
110 6
120 5
30 7
280 6
10 7
150 4
20 8
40 6
140 4
120 5
290 4
130 5
30 5
50 6
160 4
40 8
130 5
150 4
60 6
140 5
50 7
290 6
170 4
70 6
140 5
160 4
60 6
300 4
150 5
80 6
70 6
150 5
180 4
170 4
160 5
90 6
80 5
300 6
160 5
10 9
190 4
180 4
100 5
90 6
20 9
170 5
30 6
170 5
100 6
110 5
40 6
190 4
200 4
10 9
180 5
50 4
20 6
110 6
180 4
120 5
30 7
60 4
200 4
210 4
190 5
40 6
120 6
70 3
130 5
190 4
50 5
80 3
60 4
210 4
200 5
130 6
220 4
140 5
200 4
70 5
90 3
140 6
210 5
220 4
80 5
150 5
230 4
100 3
210 4
90 5
150 6
110 3
220 5
230 4
160 5
240 4
100 5
220 4
120 3
160 6
110 4
170 5
230 5
240 4
250 4
130 2
230 4
170 6
120 4
180 5
240 5
140 2
250 4
260 4
130 4
240 4
180 6
150 3
190 5
250 5
140 4
260 4
270 4
250 4
190 6
160 3
200 4
150 3
260 5
270 4
200 6
260 4
170 3
280 4
160 3
210 4
270 5
280 4
180 3
210 6
170 3
270 4
290 4
220 4
280 5
190 3
180 3
290 4
220 6
280 4
300 4
230 4
200 3
190 3
290 5
300 4
230 6
10 9
290 4
20 6
240 4
30 6
210 3
200 3
40 5
300 5
10 10
50 5
20 6
240 6
30 6
300 4
60 5
40 5
250 4
210 3
220 3
70 5
10 7
50 6
20 5
80 5
60 5
30 4
10 10
250 6
40 5
20 4
70 5
90 5
30 4
50 5
220 3
230 3
260 4
80 5
40 5
100 5
60 4
50 5
90 4
70 4
110 5
260 6
60 4
100 4
230 3
80 4
240 3
70 4
120 5
270 4
90 4
110 4
80 4
130 5
100 4
90 4
120 4
270 6
240 3
250 3
140 5
110 4
100 4
130 4
280 4
110 4
120 4
150 5
140 4
250 3
280 6
120 4
130 4
260 3
160 5
150 4
290 4
130 4
140 4
170 5
160 4
260 3
140 4
290 6
150 4
270 3
180 5
170 4
150 4
300 4
160 3
270 3
190 4
180 4
160 4
280 3
170 3
300 6
10 7
200 4
190 4
170 4
20 6
180 4
30 7
280 3
10 6
40 5
180 4
290 3
200 4
210 4
20 4
50 5
190 3
30 4
60 7
40 5
190 5
210 4
220 4
290 3
50 4
200 4
70 6
300 3
60 2
80 6
200 5
220 4
230 4
70 2
210 4
90 6
80 2
300 3
210 5
10 8
100 4
230 4
20 7
220 4
240 4
90 3
30 7
110 6
220 5
40 3
100 3
10 8
240 4
50 5
230 4
250 4
20 4
120 5
110 3
30 3
60 5
230 5
40 3
130 6
70 4
250 4
240 3
120 3
50 4
260 4
80 5
60 3
240 4
140 6
130 3
90 5
70 3
260 5
250 3
270 4
150 6
80 3
100 4
140 3
250 5
90 3
270 5
260 3
110 4
160 5
150 3
280 4
100 3
260 5
120 3
170 5
110 3
160 3
280 5
270 3
290 4
130 3
270 5
120 3
180 6
170 2
140 4
280 3
290 5
130 3
300 4
280 5
180 2
190 6
150 4
140 3
290 3
300 5
10 11
20 11
160 4
190 2
200 6
30 8
150 3
290 5
40 7
10 11
50 6
20 11
300 3
170 4
160 3
60 5
200 2
30 9
210 6
40 9
300 5
70 4
50 9
180 4
80 4
10 6
170 3
60 9
20 4
210 2
90 4
220 6
30 5
70 9
10 10
20 6
40 6
100 4
80 9
190 4
30 6
180 3
50 5
40 7
90 9
60 6
220 2
110 4
50 7
230 6
70 5
100 8
60 7
200 4
120 4
190 3
80 5
70 7
110 8
230 2
130 5
90 5
80 7
240 6
120 8
200 3
210 4
90 7
100 5
140 4
130 8
100 7
110 5
240 2
150 4
250 6
210 3
110 7
220 4
140 9
120 5
160 4
120 7
130 5
150 9
250 2
220 3
130 7
230 4
260 6
170 4
140 5
160 9
140 6
180 4
150 5
170 9
260 2
230 3
240 4
150 6
270 6
160 5
190 4
180 9
160 6
170 5
240 3
270 2
250 4
200 4
190 8
170 7
280 6
180 5
210 4
200 8
180 7
250 3
260 4
280 2
190 5
290 6
220 5
190 7
210 8
200 5
260 3
270 4
200 7
290 2
220 8
230 5
300 6
210 5
210 7
230 8
270 3
240 5
280 4
220 5
300 2
10 10
220 7
20 10
240 8
250 5
30 9
230 5
280 3
40 9
10 7
290 4
230 6
50 5
20 5
250 8
260 4
30 4
60 6
240 5
40 3
70 4
240 7
290 3
50 3
300 4
260 8
270 4
80 4
60 3
250 5
70 3
250 7
90 4
270 8
10 6
80 3
300 3
100 4
280 4
20 4
260 5
30 5
90 3
260 7
110 4
40 4
280 8
100 3
50 4
10 8
290 4
270 5
120 4
20 5
60 4
270 7
110 3
30 4
70 4
40 4
130 5
290 8
120 3
50 4
280 5
300 5
80 4
280 7
60 4
140 5
90 4
130 3
70 4
10 7
300 8
20 6
290 5
150 5
100 4
80 4
30 5
140 3
290 7
40 4
110 4
90 4
10 6
50 3
160 5
20 5
150 3
60 2
30 3
300 5
120 4
100 4
40 4
300 7
70 3
170 6
50 3
160 3
80 4
110 4
130 4
60 3
10 8
20 8
90 3
10 9
70 3
30 4
120 4
20 6
180 5
140 4
170 3
100 5
40 4
30 5
80 3
40 4
50 4
130 4
90 3
110 3
50 4
60 4
150 4
190 6
180 3
100 3
60 4
70 4
120 3
140 4
70 3
80 4
110 3
160 4
130 3
80 3
190 3
200 6
90 4
150 4
120 3
90 3
140 3
100 4
170 4
130 3
100 4
200 3
160 4
210 6
110 4
150 3
110 3
140 3
180 4
120 4
160 3
170 4
120 4
150 3
210 3
220 6
130 3
190 4
130 5
170 3
160 3
180 4
140 3
140 5
220 3
230 5
180 3
170 3
200 4
150 3
150 2
190 4
190 4
160 3
180 3
230 3
240 5
160 2
210 4
200 4
170 3
200 3
190 3
170 3
240 3
220 4
250 5
180 3
210 4
210 3
200 4
180 3
190 3
250 3
210 4
220 3
230 4
190 3
260 5
220 4
200 3
200 3
220 4
230 3
240 4
260 3
230 4
270 5
210 3
210 3
230 4
240 3
250 4
220 3
240 4
270 3
220 3
280 5
240 4
250 3
230 3
230 3
250 4
260 5
250 4
280 3
260 3
290 5
240 3
240 3
260 4
260 4
270 5
270 3
290 3
250 3
250 4
300 5
270 4
280 3
270 4
280 5
260 3
260 4
10 8
300 3
20 8
280 4
30 7
290 3
270 3
40 6
280 4
270 3
290 5
10 9
50 6
20 5
290 4
60 5
30 5
300 3
280 4
40 6
70 5
280 4
290 4
50 5
300 5
80 5
300 4
60 5
10 10
20 8
90 6
290 4
30 4
70 5
290 4
40 2
10 10
10 5
100 6
300 4
80 5
50 1
20 7
20 6
30 1
60 1
30 7
90 5
300 4
110 5
40 1
40 6
70 1
300 3
50 2
10 9
100 5
50 5
80 1
60 1
120 6
20 8
60 5
10 10
70 3
30 4
90 1
20 8
10 6
110 5
40 4
130 5
20 4
30 6
70 5
80 3
100 2
30 3
40 4
50 5
120 5
40 3
80 5
90 3
50 4
110 2
140 5
60 5
50 3
60 3
100 2
90 5
60 4
70 5
130 5
120 2
70 3
150 5
110 3
70 4
100 6
80 5
80 3
130 2
140 5
80 4
120 2
90 4
90 5
110 6
160 5
90 3
140 2
130 2
100 3
150 5
100 5
100 3
120 6
150 2
170 5
110 3
140 2
110 4
110 5
160 5
130 6
120 3
160 2
150 2
120 3
180 5
120 5
130 3
140 7
170 5
170 2
130 3
160 2
130 5
140 3
190 5
140 3
150 6
180 2
170 2
180 5
140 5
150 3
150 3
160 6
190 2
200 5
180 2
160 3
190 5
150 5
160 2
170 6
200 2
190 2
170 3
210 5
160 5
170 2
200 5
210 2
200 2
180 3
180 6
180 2
170 5
220 5
210 5
190 3
210 2
220 2
190 7
190 2
180 5
230 5
200 3
220 5
220 2
230 2
200 2
200 8
190 5
210 3
240 5
230 2
210 2
230 5
240 2
210 8
200 5
220 3
220 2
240 2
250 2
250 5
240 5
220 8
210 5
230 3
230 2
250 2
260 2
260 5
250 5
220 5
230 8
240 3
240 2
260 2
270 2
230 5
250 4
260 5
270 5
240 8
250 2
270 2
280 2
260 4
240 5
260 2
250 9
270 5
280 5
280 2
290 2
270 4
270 2
250 5
260 9
280 5
290 5
290 2
300 2
280 3
280 2
260 5
270 8
300 2
10 9
290 5
300 5
20 6
290 4
30 5
290 2
40 5
270 5
10 7
50 4
20 5
280 8
10 9
60 3
30 4
300 5
20 8
40 3
300 4
70 3
300 2
30 5
50 3
80 4
40 5
60 3
280 5
90 4
50 4
290 8
70 3
10 6
10 9
10 8
20 4
20 5
20 6
60 4
100 4
80 2
30 3
30 4
30 4
40 3
70 3
90 3
40 5
40 4
110 4
290 5
50 3
50 5
50 4
80 3
100 3
60 3
300 8
120 4
60 5
60 4
70 3
90 4
110 2
70 5
130 4
70 4
80 3
80 5
120 2
100 5
300 5
10 4
90 4
80 4
140 4
90 5
20 6
130 2
110 5
100 4
30 4
90 4
100 5
150 4
40 5
110 4
140 2
10 3
120 4
100 4
110 5
50 5
20 4
160 4
120 4
30 4
60 4
150 2
120 5
110 5
130 4
40 4
70 4
170 4
130 4
50 3
130 5
160 3
120 5
140 4
80 4
60 3
140 4
180 4
140 5
90 4
130 5
170 2
70 3
150 4
150 4
150 5
80 3
100 4
190 4
140 5
180 2
160 4
160 4
90 4
160 5
110 4
200 4
150 5
190 2
100 4
170 4
120 4
170 5
170 4
110 4
210 4
160 5
200 2
180 4
130 4
180 5
180 4
120 3
220 4
170 5
140 4
210 2
190 4
190 6
130 3
190 4
150 4
230 4
200 4
180 5
220 3
200 5
140 3
200 4
160 4
210 4
190 5
240 4
150 3
230 2
210 4
170 4
210 4
220 4
160 3
220 5
200 5
250 4
240 2
180 4
170 3
230 4
220 4
230 4
210 5
250 2
260 4
190 4
180 3
240 4
240 4
230 4
260 2
220 5
270 4
200 4
190 4
250 4
250 5
240 4
270 1
230 5
280 4
210 4
200 3
260 4
260 5
280 1
250 4
240 5
290 4
220 4
210 3
270 4
270 5
290 1
260 4
250 4
300 4
220 3
230 4
280 4
280 5
10 10
300 1
20 9
270 4
260 4
230 3
240 4
30 5
40 7
290 4
290 4
50 6
10 9
60 7
20 4
240 4
250 4
30 3
270 5
280 5
70 5
40 2
300 4
300 4
80 5
50 3
60 3
90 6
250 4
10 9
260 4
70 3
280 4
10 11
100 6
290 5
20 5
20 9
80 3
30 5
30 7
110 6
40 3
90 3
40 5
50 2
260 4
50 4
120 6
270 4
100 3
60 2
290 4
60 5
300 5
70 3
130 6
110 3
70 5
80 3
80 5
120 3
140 7
270 4
90 3
280 4
90 5
10 11
300 4
130 3
100 2
20 9
150 5
100 5
30 6
110 2
140 3
40 5
110 5
160 5
280 4
290 4
50 7
10 7
120 3
150 3
120 5
20 7
60 7
170 5
30 6
130 3
130 5
70 6
40 3
160 2
290 4
180 5
140 3
50 4
80 7
300 4
140 5
170 2
60 5
90 6
150 3
190 5
150 5
70 4
180 2
100 6
10 10
160 3
300 4
80 4
20 9
160 4
200 5
30 8
110 6
90 3
190 2
40 6
170 2
170 4
210 4
120 6
50 6
10 11
100 3
20 9
200 2
180 3
60 6
30 10
180 4
110 4
130 6
70 6
220 5
40 10
190 2
210 2
50 9
120 4
80 5
190 4
140 6
60 9
230 4
90 5
200 2
130 5
220 2
70 8
150 6
200 4
100 5
80 7
140 5
240 4
210 2
160 6
110 6
230 2
210 4
90 6
150 3
120 5
100 6
250 4
220 2
170 6
220 4
240 2
110 6
160 3
130 6
230 2
180 5
260 6
230 4
120 7
250 2
140 6
170 3
130 6
240 2
190 5
270 5
150 6
240 4
260 2
180 3
140 6
250 2
160 5
200 4
250 4
280 5
190 3
150 6
270 2
170 5
210 4
260 2
260 4
160 5
200 3
290 5
280 2
180 5
270 2
220 4
170 5
270 3
210 4
300 6
190 5
290 2
180 7
230 4
280 2
220 5
280 3
10 6
200 5
20 3
300 2
190 7
30 3
40 3
290 2
240 4
230 4
50 4
290 3
210 4
10 6
60 2
200 7
20 3
70 2
30 3
300 2
40 4
250 4
80 1
240 4
220 4
300 3
50 3
210 6
90 1
60 3
10 8
70 3
100 1
20 6
10 12
260 4
230 6
250 4
20 9
80 4
30 5
220 6
110 2
30 10
40 4
90 4
40 9
50 4
120 3
50 10
100 5
60 3
240 4
60 9
270 4
230 6
130 3
260 4
70 3
110 4
70 7
80 3
80 7
140 3
120 4
90 3
250 4
90 7
240 7
280 4
130 4
150 3
270 4
100 2
100 7
110 2
140 4
160 3
110 7
260 6
250 6
120 3
150 4
120 7
290 4
280 4
170 3
130 3
130 7
160 3
180 3
270 4
140 3
260 5
140 7
170 3
290 4
300 4
190 3
150 3
150 7
180 3
280 4
270 7
160 3
200 3
160 7
10 8
20 4
300 4
190 3
170 4
30 3
170 6
210 2
40 3
290 4
280 6
200 3
50 4
180 4
10 10
180 7
60 4
220 2
20 9
30 7
210 4
190 4
70 4
190 7
40 7
290 5
300 4
80 4
230 2
50 7
200 4
220 4
60 5
90 4
200 8
70 4
240 2
10 4
100 4
210 4
230 4
20 5
300 6
210 7
80 5
30 5
110 3
40 5
90 5
250 3
220 4
220 8
240 4
50 5
120 3
10 9
100 6
60 5
20 6
30 4
260 3
230 4
130 3
110 5
70 5
230 7
250 4
40 5
80 5
50 5
120 5
140 3
240 4
60 5
270 3
90 5
240 7
260 4
130 5
70 5
150 3
100 5
80 5
250 4
250 7
280 3
140 5
110 4
160 3
270 4
90 6
150 5
120 5
260 4
100 5
260 8
170 3
290 3
280 4
130 5
110 5
160 4
180 3
270 4
270 8
120 5
140 5
300 3
170 4
290 4
130 5
190 3
150 3
280 4
280 8
10 7
180 4
20 6
140 5
30 4
300 4
160 3
200 3
40 4
50 4
290 4
190 5
150 5
290 8
60 3
10 8
170 3
20 5
70 3
210 4
30 5
160 5
200 4
80 3
40 6
300 4
180 3
300 7
50 6
90 3
220 4
60 6
170 5
100 3
210 4
70 5
10 9
190 3
10 5
20 6
110 3
20 5
80 4
30 2
180 5
30 5
230 3
40 2
90 4
120 3
40 4
220 3
50 2
200 3
50 5
100 4
60 3
130 3
190 5
60 5
70 2
110 4
240 3
70 5
140 3
210 4
230 3
80 3
80 4
120 4
200 5
90 3
150 3
90 4
130 3
250 3
100 3
100 4
220 4
240 3
160 3
210 5
140 3
110 4
110 4
170 3
120 4
150 3
120 4
260 3
230 4
250 4
220 5
130 4
180 3
130 4
160 4
140 4
140 4
240 5
270 3
170 4
190 3
230 5
260 4
150 4
150 4
180 3
200 3
160 4
250 5
160 4
240 5
280 3
270 4
190 4
210 3
170 4
170 4
260 4
200 4
250 5
180 4
220 3
180 4
290 3
280 5
210 4
190 4
190 4
230 3
270 5
260 5
220 3
200 3
290 5
300 3
200 4
240 3
280 5
270 5
210 3
230 3
210 4
10 6
250 3
20 6
300 5
30 6
220 3
240 3
220 4
40 4
290 4
280 6
50 5
260 3
10 10
20 8
230 3
60 5
230 4
250 3
30 5
70 5
40 5
270 3
290 5
300 4
240 4
50 4
80 4
240 4
260 3
60 4
90 6
70 4
280 3
250 4
10 6
100 4
250 4
20 4
300 5
80 4
270 3
30 4
110 5
90 5
40 3
290 3
260 3
50 4
260 4
120 6
10 5
100 4
280 3
60 4
20 8
30 5
110 4
130 6
70 3
270 3
300 3
40 7
270 4
80 3
290 3
50 6
120 4
140 6
60 5
90 3
10 5
280 3
20 3
130 4
280 4
70 4
30 3
150 5
100 3
40 3
300 3
80 4
50 3
140 4
110 3
160 5
290 3
60 3
90 5
290 4
70 3
10 6
150 4
120 3
20 5
100 5
80 3
30 3
170 5
40 4
300 3
90 3
130 3
110 5
160 4
300 4
50 4
100 3
180 5
60 2
120 4
140 3
10 11
70 2
110 3
170 3
20 10
10 9
30 9
80 4
20 9
130 4
190 5
120 3
150 3
30 6
40 4
90 3
40 5
50 2
180 3
130 3
50 4
140 5
60 4
100 4
160 3
200 5
60 4
70 3
140 3
110 4
190 3
70 4
150 4
80 4
170 3
80 4
120 3
150 3
90 3
210 5
90 3
160 4
130 3
200 3
100 3
160 3
180 3
100 1
110 3
140 3
220 5
170 5
110 3
170 3
210 4
120 3
190 3
150 3
120 3
180 3
180 5
130 4
230 5
160 3
130 3
220 4
200 3
140 4
190 3
140 3
190 5
170 3
150 4
240 5
150 3
210 3
230 3
200 3
180 3
200 5
160 3
160 4
210 3
250 5
190 3
220 3
170 4
240 3
170 3
210 5
220 3
200 3
180 3
230 3
180 4
260 5
250 4
220 5
210 3
190 3
230 3
190 4
240 3
270 5
200 4
220 3
230 4
260 4
240 3
200 4
210 4
230 3
250 3
210 3
250 3
240 4
280 5
270 4
220 4
240 3
220 3
260 3
260 3
250 4
290 5
230 4
280 4
250 2
230 4
270 3
270 3
240 4
260 4
240 3
300 5
260 2
290 4
280 3
250 3
280 3
250 3
270 3
270 2
10 6
20 10
290 3
300 4
260 4
30 6
260 3
40 4
280 3
290 3
280 3
50 5
300 3
10 9
270 4
60 4
20 6
270 3
70 3
30 6
290 3
40 4
10 6
290 3
300 3
80 3
20 5
280 4
50 4
30 5
280 2
90 4
40 6
60 4
50 6
300 3
70 4
100 3
10 8
60 5
290 4
20 8
300 3
80 4
70 6
290 3
30 4
110 3
10 7
80 6
40 3
20 8
90 5
30 8
50 2
120 3
90 6
300 4
40 6
10 7
100 6
60 2
20 3
300 3
50 7
100 5
130 3
30 6
60 4
70 2
110 6
110 4
10 9
40 2
70 7
20 7
80 1
50 2
140 3
10 8
30 5
120 6
120 4
80 7
20 7
40 4
60 2
90 0
30 8
90 8
50 4
130 5
40 3
150 3
70 2
130 6
60 3
100 2
50 3
100 6
70 3
140 4
80 4
60 2
110 6
140 6
160 3
110 3
80 3
70 2
90 4
150 4
120 7
80 2
90 4
120 2
150 6
170 3
100 3
90 2
100 4
160 4
130 6
130 3
100 2
110 4
110 5
160 6
140 6
170 4
180 3
110 2
140 4
120 5
120 3
150 6
170 7
180 4
120 3
130 5
190 3
130 3
150 2
160 6
130 3
140 6
190 4
180 7
140 3
140 3
160 2
200 3
170 5
150 5
200 4
190 7
150 3
150 3
180 5
170 3
160 5
210 3
210 4
160 3
160 2
200 7
190 5
170 5
180 2
170 4
220 3
220 4
170 3
180 5
200 6
210 7
190 2
180 4
230 4
190 5
180 3
230 3
210 6
190 4
200 2
220 7
200 5
240 4
190 3
220 6
240 3
200 4
210 2
230 6
210 5
250 4
230 6
200 3
210 4
250 3
220 5
220 2
240 6
260 4
240 6
210 3
220 4
230 5
260 3
230 3
250 6
270 4
230 4
250 6
220 3
240 5
240 3
260 6
240 3
270 3
280 4
230 2
260 6
250 5
250 3
270 6
250 3
290 4
280 3
240 2
270 6
260 5
260 3
280 6
260 3
300 4
250 2
270 5
290 3
280 6
270 3
290 6
10 12
20 10
270 3
30 4
280 5
260 2
40 4
300 3
290 6
280 4
50 5
300 6
60 6
290 5
280 3
70 6
270 2
10 10
10 9
80 7
290 4
20 6
20 9
300 6
30 6
90 5
30 4
40 5
300 5
40 5
100 5
290 3
50 4
280 2
50 4
300 4
60 4
10 10
110 5
60 4
20 9
10 11
70 4
20 5
30 6
120 6
70 4
30 5
80 5
10 6
40 4
40 4
300 3
290 2
20 6
80 4
130 6
90 4
50 5
50 5
30 3
40 3
60 5
90 4
60 6
100 4
140 6
50 3
70 5
70 6
10 9
110 4
60 4
100 6
20 7
80 5
150 5
300 3
70 4
80 6
30 7
120 3
110 4
90 5
80 3
40 7
90 5
160 5
130 3
100 5
50 5
90 3
120 4
10 10
100 5
60 5
170 6
110 5
20 9
100 3
140 3
30 5
130 4
70 5
110 6
120 5
110 3
40 5
150 3
180 8
80 4
50 7
140 5
120 3
120 5
130 5
90 4
60 4
160 3
190 8
130 3
140 5
130 5
150 6
70 4
100 4
170 3
140 3
80 5
200 8
150 5
110 4
140 5
160 5
90 4
180 3
150 3
160 5
120 4
210 8
150 5
100 3
170 5
160 3
190 3
170 5
130 4
110 4
220 8
160 4
170 3
180 5
200 3
180 5
140 4
120 4
230 7
170 5
180 3
190 5
150 4
190 5
210 3
130 5
190 3
180 4
240 8
140 5
200 5
160 4
220 3
200 5
200 3
150 5
190 4
250 8
210 5
170 4
230 3
210 5
210 3
160 5
200 4
220 5
180 4
260 8
240 3
220 5
220 3
170 5
230 5
190 4
210 4
270 8
250 3
230 3
180 5
230 5
240 5
200 4
220 5
280 8
260 3
190 5
240 3
240 5
250 5
210 4
230 5
290 8
270 3
200 5
250 3
260 5
250 5
220 4
240 5
280 3
300 8
260 3
210 5
270 5
230 4
260 5
10 6
250 5
290 3
220 5
270 3
20 7
30 6
280 5
40 6
240 4
50 5
270 5
230 6
280 3
260 4
60 5
300 3
70 5
290 5
250 4
80 5
10 12
280 5
240 6
290 3
20 11
90 5
270 4
30 9
300 5
100 6
40 10
260 4
50 8
110 6
300 3
60 7
250 6
290 5
280 4
10 9
70 7
120 6
20 6
30 4
80 6
270 4
10 3
130 6
40 7
20 5
90 5
260 6
50 5
30 4
300 5
140 6
60 7
40 5
100 6
290 4
50 5
70 6
110 8
150 6
280 4
60 5
80 6
270 6
70 5
10 4
120 7
160 5
90 7
20 5
80 4
300 4
30 6
130 5
100 7
90 4
40 4
290 4
170 5
110 7
50 4
280 6
140 5
100 4
10 8
60 5
180 5
120 6
20 8
110 4
150 6
70 5
30 8
130 6
120 4
300 4
40 8
190 5
80 5
160 6
290 6
50 7
140 6
130 4
90 5
60 7
170 6
200 5
10 2
140 4
150 5
70 7
100 5
20 4
300 6
180 6
30 4
80 7
210 5
150 4
110 4
160 6
40 4
90 6
50 4
190 6
160 4
120 4
170 6
220 5
60 3
10 6
100 5
20 3
70 3
130 4
170 4
200 7
30 2
180 6
110 6
230 5
40 2
80 3
140 4
50 2
180 4
120 6
190 6
210 8
90 3
60 2
240 5
150 5
100 3
190 4
130 5
70 2
200 6
220 8
80 2
110 3
160 5
250 5
140 5
200 4
210 6
90 2
230 7
120 3
150 6
170 5
100 2
210 4
260 5
130 3
220 6
240 7
110 2
160 6
180 4
220 4
140 3
270 5
230 6
120 2
250 7
170 7
150 3
190 4
230 4
130 2
240 6
280 5
180 6
260 7
160 3
140 2
200 4
240 4
250 6
190 6
150 2
290 5
170 4
270 7
210 4
250 4
260 5
160 2
180 4
200 6
300 5
280 7
260 4
220 4
170 2
190 3
270 5
210 6
10 7
20 4
290 7
270 4
230 4
30 3
180 2
40 2
200 3
280 5
220 6
50 2
60 3
190 2
300 7
280 4
240 4
70 2
210 3
290 5
230 5
80 2
200 2
10 6
90 3
20 7
290 4
250 4
220 3
30 5
100 3
40 4
300 5
240 5
210 2
50 5
110 3
60 4
300 4
230 3
120 3
260 4
70 4
10 9
20 7
250 5
220 2
80 4
30 3
130 4
10 6
40 3
90 4
20 6
240 4
50 2
140 3
30 6
270 5
100 4
60 2
40 3
230 2
260 5
50 3
70 2
150 3
110 4
60 3
80 2
250 5
120 4
70 3
160 3
280 5
90 2
240 2
80 3
270 5
130 5
100 2
170 4
90 3
260 5
110 2
140 5
100 3
250 2
180 4
290 5
120 2
150 5
280 4
110 3
130 2
190 4
270 5
120 3
160 4
260 2
140 2
300 5
130 3
200 3
290 4
170 4
150 2
140 4
280 5
270 2
210 3
180 4
10 8
150 4
160 3
20 4
30 3
300 4
190 3
220 4
40 3
160 4
170 3
290 5
280 2
50 5
200 3
170 4
60 5
180 3
10 4
230 4
20 5
70 4
30 3
180 4
210 3
300 5
190 3
40 4
80 4
290 2
240 4
50 5
90 4
190 4
200 3
220 3
60 4
10 8
100 5
250 4
70 3
20 6
300 2
200 4
30 5
210 3
230 2
80 4
110 4
40 6
50 5
260 4
90 4
210 4
120 3
220 3
10 8
60 5
240 3
20 5
100 4
70 5
30 1
130 4
220 4
270 4
40 1
110 4
230 3
80 5
250 2
50 1
140 3
90 5
120 2
230 4
60 1
280 4
240 3
150 3
100 4
70 1
260 3
130 2
80 1
240 4
110 4
160 3
250 3
140 3
290 4
90 1
270 3
120 4
250 4
100 1
170 3
150 3
260 3
130 4
300 4
110 1
280 3
160 3
260 4
180 3
140 4
120 1
270 3
10 9
20 6
170 3
150 4
290 2
190 3
130 1
30 3
270 4
40 3
280 3
50 4
160 4
140 1
180 3
60 2
200 3
300 2
280 4
70 2
150 1
170 4
290 3
80 2
190 4
210 4
10 7
90 2
20 5
290 4
160 1
30 5
180 4
100 2
200 3
40 5
300 3
50 5
220 3
110 2
170 1
60 4
190 4
300 4
120 2
70 4
210 4
10 9
20 8
80 5
180 1
230 3
130 2
30 7
200 4
10 10
40 7
90 6
20 4
50 6
140 2
220 4
30 3
100 6
190 1
60 5
40 3
240 4
150 2
210 4
50 4
70 5
110 5
60 4
80 5
230 4
120 5
200 1
160 2
70 4
90 5
250 4
220 4
80 4
130 5
100 6
170 2
90 4
210 1
240 3
140 5
110 5
100 4
180 3
230 4
260 3
120 6
150 5
110 3
220 1
250 3
190 3
130 5
120 3
160 5
240 4
140 5
270 3
130 3
200 3
170 5
230 1
260 3
150 6
140 3
250 4
180 5
210 3
150 3
280 4
160 6
240 1
190 5
270 3
220 3
160 3
170 6
260 4
250 1
200 5
290 4
170 3
180 6
230 3
280 3
210 5
270 4
180 3
190 6
240 3
260 1
300 3
190 3
220 5
200 6
290 3
250 3
280 4
200 3
270 1
210 6
10 10
230 5
20 8
30 6
260 3
210 3
300 3
40 5
220 5
290 4
240 5
280 1
50 6
60 6
220 3
270 3
230 6
10 11
250 5
70 6
20 7
300 4
30 5
80 6
230 3
290 1
40 3
280 3
240 6
260 5
90 6
50 5
240 3
10 9
60 3
100 5
20 6
250 6
290 3
300 1
70 4
30 4
270 5
110 5
40 4
80 4
250 3
50 4
260 6
120 4
90 4
10 7
300 3
60 4
280 5
20 9
260 3
70 4
100 4
130 4
30 4
270 6
40 7
80 5
10 7
110 4
20 8
50 3
290 5
140 5
30 6
90 4
270 3
60 4
40 6
120 4
280 5
50 4
150 5
100 4
70 3
60 4
300 5
130 4
80 3
110 4
70 4
280 3
160 6
80 5
90 2
290 6
140 4
120 4
10 12
90 5
20 12
100 3
170 6
30 11
290 3
100 4
150 4
40 9
130 4
110 3
300 6
50 9
110 6
180 5
60 8
140 4
160 4
120 3
300 3
120 5
70 8
10 12
20 5
80 7
150 4
190 6
130 4
30 4
130 3
170 4
90 6
40 5
10 5
20 2
140 5
50 5
160 4
100 8
140 2
30 4
60 5
200 5
180 4
40 4
150 6
110 8
70 5
50 4
150 2
170 4
60 4
80 5
120 7
190 4
160 6
210 5
70 4
90 5
130 7
160 2
80 4
180 4
100 5
170 6
90 4
200 4
140 7
220 5
110 5
170 2
100 4
180 6
190 4
150 7
120 5
110 4
210 4
180 2
190 6
230 5
130 5
160 7
120 4
200 4
140 5
170 7
200 6
130 4
220 4
190 2
240 5
210 4
150 5
140 4
180 7
210 5
200 2
230 4
160 5
150 4
220 4
250 3
190 7
220 4
170 5
160 4
210 3
240 4
200 7
180 5
230 3
230 5
170 4
260 3
220 3
210 6
190 5
180 3
250 4
240 4
240 3
270 4
220 7
190 3
200 5
230 3
250 5
260 4
250 4
230 6
200 3
210 5
280 3
240 3
260 5
210 3
240 5
220 5
270 4
260 4
250 3
270 5
290 2
220 3
230 5
250 6
280 4
270 3
230 3
280 5
260 3
240 4
260 6
300 3
290 4
240 3
280 3
250 5
290 6
270 6
270 3
10 8
20 3
250 3
30 3
260 5
300 4
300 6
290 3
40 4
280 6
280 3
50 4
260 3
60 4
270 5
10 8
10 7
20 7
290 6
70 3
20 7
30 5
300 2
30 6
40 6
290 3
270 3
80 3
40 6
280 5
50 6
90 2
60 4
50 6
300 5
10 9
70 4
60 6
20 8
280 3
100 2
290 5
30 4
80 4
300 3
70 5
10 10
40 4
110 2
90 4
20 8
80 5
50 4
30 5
290 3
100 4
40 3
120 2
60 3
90 6
10 6
300 5
50 3
20 6
110 4
70 4
60 2
30 7
100 5
130 2
120 4
70 3
40 6
80 4
300 3
10 9
110 5
50 6
20 3
80 4
140 2
130 4
90 4
30 4
60 6
90 3
40 4
120 5
10 9
100 4
50 4
140 4
70 6
150 2
20 4
100 3
30 4
60 4
130 5
80 6
110 5
40 3
110 2
150 4
70 4
50 3
160 3
90 6
80 4
120 2
60 3
120 4
140 5
160 4
90 4
70 3
100 6
130 2
170 3
130 4
80 3
100 4
150 5
170 4
110 6
140 2
90 4
110 4
140 4
180 2
180 3
160 5
100 5
120 6
150 3
120 4
150 3
110 3
190 4
130 6
130 4
190 2
160 3
170 5
120 3
140 4
160 3
140 6
200 4
170 3
130 3
200 2
180 5
150 3
170 3
150 6
140 3
180 3
210 4
160 3
190 5
210 2
150 4
190 3
160 6
180 3
220 4
170 3
160 4
200 5
220 2
200 3
170 6
190 3
180 3
230 4
170 4
210 5
210 3
180 6
230 2
190 3
200 3
180 3
240 4
220 3
200 3
190 6
220 5
190 3
240 2
210 4
250 4
230 3
210 3
200 3
200 6
230 5
220 4
260 4
250 2
240 3
220 3
210 3
210 6
240 5
230 4
270 4
220 3
230 3
260 2
250 3
220 6
250 5
280 3
230 4
240 3
240 4
260 3
270 2
230 6
240 4
250 3
290 3
260 5
250 4
270 3
280 2
240 6
250 5
260 3
300 3
280 3
260 3
270 5
260 4
250 6
290 2
270 3
10 3
20 3
290 3
30 1
270 4
280 5
40 1
270 4
50 2
260 6
280 3
300 2
60 3
300 3
70 4
280 4
280 5
290 5
80 2
290 3
270 6
10 8
10 10
90 2
20 9
20 6
30 6
30 6
100 2
40 5
290 5
40 6
290 4
50 6
300 5
300 3
110 2
50 5
280 6
60 6
60 5
120 2
70 6
300 4
10 8
70 4
80 5
20 5
10 8
130 2
300 4
30 4
20 8
80 5
90 5
40 4
30 7
290 6
140 1
10 7
50 4
100 5
40 5
90 5
20 5
60 4
30 5
50 6
10 7
110 5
150 1
40 7
100 5
20 5
70 4
60 4
50 6
30 3
120 5
80 4
300 6
110 5
160 1
40 4
60 6
70 4
90 4
50 5
70 7
130 5
80 5
120 5
170 1
100 4
60 3
80 4
140 5
90 5
10 5
70 3
90 4
110 4
20 6
130 5
180 1
100 5
30 7
100 4
150 5
80 3
120 4
40 4
140 6
110 4
90 3
110 5
190 1
50 5
130 4
160 5
60 5
120 4
100 4
150 6
120 5
140 4
200 1
170 5
70 3
130 4
110 3
130 5
160 5
80 3
150 4
180 5
140 4
210 1
120 4
90 4
160 4
140 5
170 6
150 4
190 5
100 3
130 4
220 1
170 4
150 5
160 4
180 6
110 3
200 5
140 4
230 1
180 4
160 5
170 4
120 3
190 6
150 4
210 5
190 4
130 3
240 1
180 4
170 5
160 3
220 5
200 6
200 4
140 3
190 4
180 5
250 1
170 4
230 5
150 3
210 4
210 6
200 4
190 5
260 1
180 4
160 3
240 5
220 4
210 4
220 6
200 5
190 4
270 1
170 3
230 4
250 5
220 4
230 6
210 5
180 3
200 4
280 1
230 4
240 4
260 5
240 6
220 5
190 3
210 4
240 4
250 4
290 1
270 5
200 3
250 6
230 5
220 4
250 4
260 4
300 1
280 5
210 3
260 6
260 4
240 5
230 4
270 4
10 10
20 7
290 5
30 5
220 3
40 5
270 4
240 4
50 5
270 6
250 5
280 4
60 5
300 5
70 5
230 4
280 4
80 5
250 4
290 4
260 5
280 6
10 5
90 6
20 4
30 3
240 3
100 5
40 4
290 4
50 3
300 4
260 4
110 5
270 5
60 3
290 6
120 5
70 3
250 3
10 5
300 4
80 3
20 3
130 5
270 4
30 4
90 3
280 5
40 3
300 6
140 7
10 8
50 3
100 3
260 3
20 5
60 3
30 4
110 4
150 6
40 5
70 4
280 4
10 9
50 4
290 5
120 3
80 3
20 9
160 5
60 4
270 3
30 6
90 3
70 4
130 3
40 4
170 5
100 3
80 4
50 5
290 4
140 3
300 5
90 4
60 5
110 3
280 3
180 5
150 3
70 5
100 4
120 3
80 5
110 4
190 5
10 9
300 4
160 3
130 3
20 7
90 5
120 4
290 3
30 5
140 3
200 5
170 3
40 5
100 5
130 4
10 4
50 5
20 6
150 3
180 3
60 6
210 5
110 5
140 4
30 4
300 3
40 4
70 6
160 3
120 4
190 3
150 4
50 3
220 5
80 5
60 3
170 3
130 4
160 4
90 5
10 6
200 4
70 3
20 6
230 5
180 3
30 7
100 5
80 3
140 4
170 4
40 6
210 4
90 3
110 5
50 6
190 3
240 5
150 5
180 4
60 4
100 3
220 4
120 5
70 4
200 3
160 5
190 4
110 3
250 5
80 3
130 5
230 4
120 3
210 3
200 4
170 5
90 3
140 5
260 6
100 3
130 3
240 4
220 3
210 4
180 5
150 5
110 2
140 3
270 5
250 4
220 4
230 3
160 5
120 3
190 5
150 3
280 5
130 3
260 4
170 5
230 4
240 3
200 5
160 3
140 3
180 5
290 5
240 4
270 4
250 3
170 3
210 5
150 3
190 5
180 3
250 4
300 5
260 3
280 4
160 3
220 5
200 5
190 3
260 4
10 5
170 3
270 3
20 4
290 4
230 5
30 4
40 4
210 5
200 3
180 3
50 4
270 4
280 3
60 4
300 4
240 5
70 4
190 3
210 3
220 5
80 4
280 4
10 9
290 3
90 4
20 4
250 5
30 4
200 2
220 3
100 4
40 4
230 5
50 4
290 4
110 4
300 3
60 4
260 5
210 2
70 4
120 4
230 3
240 5
80 4
300 4
10 9
130 4
20 7
90 4
220 4
30 6
270 5
140 4
240 3
40 5
100 4
250 5
10 8
50 4
20 6
110 4
150 3
30 6
60 3
40 5
230 3
70 4
120 4
250 3
50 6
280 4
160 4
260 5
80 3
60 6
130 4
90 3
70 5
170 4
240 3
80 5
140 4
100 3
260 3
290 4
270 5
180 4
90 6
110 3
150 4
100 6
250 2
120 3
190 3
160 4
270 3
110 6
130 3
300 5
280 5
120 4
170 4
200 3
260 2
140 3
130 6
280 3
180 4
10 7
150 3
210 3
290 5
20 6
140 5
30 6
270 2
190 4
160 3
40 3
220 3
150 5
290 3
50 4
170 3
200 4
160 5
60 3
300 5
230 3
280 2
70 2
180 3
170 6
210 4
80 2
300 3
10 8
240 3
190 3
20 10
90 2
180 5
220 4
290 2
30 10
10 8
100 2
40 9
250 3
200 3
20 5
190 6
50 9
30 6
230 4
110 2
60 12
40 5
210 3
200 6
300 3
50 4
260 3
70 7
120 2
240 3
60 4
80 8
210 6
220 3
130 2
70 4
90 8
10 8
270 3
20 7
80 5
250 2
140 2
30 4
100 8
220 6
230 3
90 4
40 5
280 3
110 8
150 2
50 3
260 2
100 4
230 5
240 3
60 3
120 8
110 4
160 2
70 4
290 3
270 3
240 6
130 8
80 4
250 3
120 4
170 2
90 4
140 8
130 5
300 3
250 5
280 3
260 3
100 3
180 2
150 8
140 5
110 3
10 4
260 4
20 1
190 2
290 3
270 3
30 1
150 5
160 8
120 3
40 1
50 3
130 3
160 5
270 3
60 4
200 2
170 8
280 3
300 4
70 2
140 3
80 2
170 5
180 8
210 2
280 4
90 2
10 6
290 3
20 8
150 3
30 9
100 2
180 5
190 8
40 7
220 2
50 7
110 2
290 4
160 3
300 3
60 5
190 5
120 2
200 6
70 5
170 3
230 2
80 4
130 2
300 5
10 7
200 5
20 5
90 3
30 4
210 6
140 2
180 3
40 5
100 4
240 2
10 7
50 4
150 2
20 7
210 5
110 4
60 4
30 6
190 3
220 7
40 6
70 4
120 5
160 2
50 5
250 2
80 4
60 3
220 5
130 6
170 2
90 4
200 3
70 3
230 7
140 6
100 4
80 3
180 2
260 2
230 5
90 3
110 4
210 3
150 5
240 7
100 3
120 4
190 2
160 5
110 3
240 5
270 2
130 4
220 3
200 2
120 3
250 7
170 6
140 4
130 3
230 4
210 2
250 5
180 6
150 4
280 2
140 3
260 7
160 4
190 7
220 2
150 3
240 4
260 5
290 2
170 4
200 6
270 7
160 3
230 2
180 4
250 4
270 5
170 3
210 7
240 2
300 2
190 4
280 7
180 3
220 7
260 4
250 2
280 5
200 4
190 3
10 6
20 5
230 7
290 7
30 5
210 4
260 2
200 3
40 3
270 3
290 5
50 4
240 7
60 4
220 4
210 3
300 7
270 1
70 4
280 3
250 7
80 3
230 4
220 3
300 5
10 3
280 2
90 3
20 4
260 7
230 3
30 4
240 4
290 3
100 2
10 7
40 4
20 8
290 2
50 4
110 2
30 8
270 7
240 3
250 4
40 7
60 4
120 2
50 6
300 3
70 4
300 1
60 6
250 3
280 7
130 2
80 4
260 4
70 6
10 5
90 4
80 6
140 2
10 5
20 4
260 3
20 3
30 4
270 4
100 4
290 6
30 2
90 5
40 6
40 1
150 2
110 4
50 1
50 4
100 5
270 3
60 2
60 5
280 4
300 6
160 2
120 4
110 5
70 1
70 4
80 1
120 5
130 4
80 4
280 3
170 3
90 0
10 5
290 4
20 5
90 4
30 5
100 1
130 5
140 4
40 5
180 3
100 4
50 5
110 1
290 3
140 5
300 4
150 4
60 5
110 4
120 1
70 5
190 2
150 5
80 5
130 1
160 4
300 3
120 5
10 9
20 8
90 5
30 3
140 1
200 2
160 5
130 4
40 3
100 5
170 4
10 11
50 3
20 10
150 1
110 5
60 3
30 6
140 4
170 5
210 2
40 5
70 3
180 4
120 5
160 1
50 4
80 3
150 4
60 5
130 5
180 5
170 1
90 3
220 2
70 5
190 4
140 5
160 4
100 3
80 5
180 1
190 5
90 5
110 3
150 5
200 4
230 2
170 4
100 6
120 3
190 1
200 5
160 5
110 5
130 3
210 4
180 4
240 2
200 1
120 6
170 5
140 3
210 5
130 6
190 4
210 1
220 4
180 5
150 4
250 3
140 6
220 5
190 5
160 4
220 1
200 4
150 6
230 4
260 3
170 4
200 5
160 6
230 5
230 1
210 4
240 4
180 5
170 6
210 5
270 3
240 1
240 5
220 4
190 4
180 6
220 5
250 4
250 1
200 4
190 6
250 5
280 3
230 4
230 5
260 4
210 4
200 6
260 1
240 5
260 5
240 4
290 3
210 6
220 5
270 1
270 4
250 5
220 6
230 5
270 5
250 4
300 3
280 1
260 5
280 4
230 6
240 5
260 4
280 5
10 5
290 1
20 7
270 5
240 7
250 4
30 7
290 4
40 4
270 4
50 3
290 5
300 1
250 7
280 5
260 5
60 3
70 3
300 4
10 8
20 5
260 7
280 4
290 5
80 3
270 5
30 4
300 5
40 4
90 4
50 3
10 9
270 8
20 4
60 4
100 3
280 5
300 5
10 7
30 4
290 4
70 3
20 7
40 3
110 4
30 5
80 3
50 4
280 8
40 5
10 12
90 3
20 7
290 5
60 2
120 3
50 4
30 5
100 3
300 4
70 1
40 6
60 4
130 4
50 6
110 2
290 7
70 4
80 1
60 4
300 5
120 2
80 4
140 3
70 4
90 1
10 10
20 7
80 4
90 4
130 2
300 7
100 1
30 6
10 6
150 3
90 4
20 3
40 5
100 4
30 4
140 2
110 1
100 4
50 5
40 5
10 7
160 3
50 4
110 4
60 4
20 6
150 2
110 4
120 1
30 6
60 4
70 5
40 6
120 4
120 4
70 5
170 3
160 2
50 7
130 1
80 3
80 4
60 7
130 5
130 4
170 2
90 4
90 5
70 7
140 1
180 3
140 6
80 7
100 4
100 4
140 4
180 2
90 7
150 1
150 5
110 4
190 3
110 6
150 4
100 6
120 5
190 2
160 5
160 1
120 5
110 6
200 2
130 5
160 4
200 2
170 4
120 7
130 6
170 1
140 5
130 7
170 4
180 5
210 2
210 2
140 5
150 5
180 1
140 6
190 5
180 4
160 5
150 5
220 2
220 2
150 6
190 1
200 4
170 5
160 5
190 4
160 7
230 2
230 2
180 5
200 1
210 4
170 7
170 6
200 4
240 2
190 5
180 7
240 3
220 4
210 1
180 6
210 4
250 2
200 4
190 7
230 5
220 1
190 6
250 3
210 5
220 4
260 2
200 7
240 5
200 6
230 1
260 2
220 5
210 8
270 2
230 4
250 5
210 6
220 8
230 4
240 1
270 2
280 2
240 4
260 5
230 8
220 5
240 5
250 1
290 2
250 4
280 2
270 5
240 7
250 4
230 4
260 1
300 2
280 5
250 7
260 4
290 2
260 4
240 4
10 9
270 1
20 6
290 5
260 6
270 4
30 5
270 4
40 6
250 4
300 2
50 6
60 6
270 6
300 5
280 5
280 1
70 5
280 4
10 9
260 4
80 5
20 7
10 11
30 3
280 6
90 5
20 7
290 5
40 5
30 6
290 1
100 5
40 5
50 7
290 4
270 4
50 3
60 5
110 5
290 6
60 4
300 5
70 6
120 5
70 5
300 1
80 6
80 5
130 5
300 4
280 4
300 6
10 8
90 4
90 5
20 10
140 5
30 7
100 3
100 4
10 6
40 7
20 2
10 10
50 6
110 3
150 5
10 8
30 3
20 6
290 4
110 4
20 6
60 5
30 6
40 5
120 3
30 4
40 6
70 5
160 5
50 5
40 4
120 5
50 6
80 5
130 3
50 4
60 5
60 7
170 4
90 5
130 5
60 2
300 4
70 9
140 3
70 5
100 5
80 9
70 2
180 4
80 5
140 5
150 3
110 5
90 8
80 2
90 5
10 7
190 4
100 8
160 4
120 4
20 5
150 3
90 2
100 3
30 6
110 8
130 4
40 5
100 2
170 3
200 5
160 4
110 3
50 5
120 8
140 4
110 2
60 4
180 3
120 3
130 8
210 5
170 6
70 4
150 4
120 2
140 8
130 3
190 3
80 4
220 5
160 4
180 6
130 2
150 7
90 3
140 3
200 3
170 4
140 2
100 3
230 5
160 7
190 6
150 3
210 3
180 4
110 3
150 2
170 8
240 5
200 6
160 3
120 4
190 4
220 3
160 2
180 7
130 4
250 5
170 3
210 6
200 4
230 4
170 2
190 7
140 4
180 3
260 5
210 4
220 6
200 7
180 2
240 4
150 4
190 3
220 4
210 7
270 5
190 2
230 6
250 4
160 4
200 3
230 4
220 8
280 5
170 4
200 2
260 4
240 5
240 4
230 6
210 2
180 4
210 2
290 6
270 4
250 4
240 8
250 4
220 3
190 4
220 2
300 6
280 4
260 4
250 8
260 4
200 4
230 3
10 10
230 2
20 9
290 4
30 9
260 8
270 4
210 4
40 6
270 5
240 3
50 4
240 2
60 3
300 4
270 8
70 5
280 4
220 3
280 5
80 3
250 3
250 2
10 5
90 3
20 6
280 8
30 7
230 4
290 4
100 3
40 4
260 3
290 5
50 5
110 3
260 2
60 5
290 8
120 3
240 4
300 4
70 6
80 6
130 3
270 3
300 5
270 2
90 6
10 8
300 8
140 2
250 3
20 9
100 5
30 9
40 10
150 2
10 7
110 5
10 5
280 3
50 6
20 5
20 5
280 2
60 7
30 4
30 4
120 5
260 3
160 2
40 3
70 6
40 3
50 4
130 5
50 4
80 6
170 2
60 4
290 3
60 4
90 6
290 2
140 5
70 3
270 4
70 3
180 2
100 6
80 3
150 5
80 3
110 6
90 3
190 2
300 3
90 3
160 5
100 3
300 2
120 7
280 3
100 3
110 3
200 2
130 6
170 5
10 7
110 3
120 3
10 7
20 6
140 7
20 5
180 5
210 1
290 3
30 4
30 2
130 3
120 3
40 5
150 7
40 3
50 4
190 5
140 3
220 1
50 3
130 3
160 6
60 4
60 2
300 4
150 3
70 4
200 5
140 3
70 2
230 1
170 7
80 5
160 3
80 2
210 5
150 3
10 9
90 5
180 7
90 1
240 1
20 6
170 3
30 7
100 5
160 3
220 5
100 0
190 6
40 5
180 3
110 5
250 1
50 5
110 1
170 3
60 4
200 7
230 5
190 3
120 5
120 1
70 3
260 1
180 3
210 6
80 3
130 4
240 5
200 3
130 3
90 3
140 4
270 1
220 6
190 3
140 3
210 3
100 3
250 5
150 4
150 3
110 3
230 6
200 3
280 1
220 3
260 5
160 4
120 3
160 2
240 6
230 3
210 3
290 1
130 3
170 4
270 5
170 0
250 6
140 3
240 3
220 3
180 4
300 1
180 1
280 5
150 3
260 6
250 3
230 3
190 4
10 9
190 3
20 7
160 3
290 5
30 4
270 6
40 3
260 3
200 4
50 3
200 3
240 3
170 3
60 3
300 5
70 3
280 6
270 3
210 4
180 3
210 3
80 2
250 3
10 9
90 2
20 5
30 5
290 6
280 3
190 3
100 2
220 4
40 5
220 3
50 6
260 3
110 2
60 6
200 3
120 2
230 4
70 6
300 6
290 3
230 3
80 6
130 2
270 3
90 6
210 3
10 5
140 2
20 2
240 4
300 3
240 3
100 6
30 2
40 2
150 2
110 6
280 3
220 3
50 2
10 5
60 1
120 6
250 4
20 3
160 2
250 3
30 4
70 3
40 4
130 6
80 3
230 3
170 2
50 4
290 3
90 3
60 4
140 6
260 4
260 3
180 2
70 3
100 2
150 6
240 3
80 3
110 2
190 2
300 3
90 3
160 6
270 4
120 2
270 3
100 3
250 4
200 2
170 6
130 1
110 3
10 6
20 5
140 1
120 2
280 4
180 6
210 2
30 4
280 3
40 2
260 4
130 2
150 2
50 2
190 6
220 2
140 2
60 2
160 2
290 5
290 3
70 2
200 6
270 4
150 2
230 2
170 2
80 2
210 6
160 2
90 2
180 2
300 5
240 2
300 3
280 4
100 2
170 2
220 6
190 3
110 2
250 2
10 7
180 2
10 8
20 9
20 6
230 6
200 3
290 4
120 2
30 6
30 3
190 2
40 5
260 2
40 3
130 2
50 5
210 3
50 3
240 6
60 5
200 2
60 3
300 4
140 2
270 2
70 4
70 3
220 3
250 6
210 2
80 5
80 3
150 2
10 5
280 2
230 3
90 5
90 3
20 3
260 6
220 2
160 2
30 3
100 5
100 3
40 3
240 3
290 2
50 3
110 5
110 3
230 2
170 2
270 6
60 3
120 5
120 3
250 3
70 3
180 2
240 2
300 2
280 6
80 3
130 5
130 3
260 2
90 3
190 2
10 9
250 2
140 5
140 3
20 5
100 3
290 6
30 4
40 4
270 2
150 5
200 2
150 3
110 3
50 3
260 2
60 3
300 6
120 3
160 5
70 2
160 3
210 2
280 2
80 2
270 3
130 3
10 10
90 2
170 5
170 3
20 9
30 4
220 2
100 2
140 3
290 2
40 6
280 3
180 5
50 6
180 3
110 2
60 4
150 3
120 2
230 2
70 5
300 2
190 5
190 3
290 3
80 3
130 2
160 3
90 2
240 2
140 2
10 6
200 3
200 5
20 5
100 2
170 3
30 7
300 3
150 2
40 1
110 2
50 4
210 3
210 5
250 2
180 3
120 2
160 2
60 4
10 7
20 5
70 4
130 2
30 5
170 2
80 2
190 3
40 4
220 3
220 5
260 2
50 6
140 2
90 2
180 2
60 6
100 3
150 2
200 3
70 7
230 3
230 5
110 2
190 2
80 6
270 2
160 2
90 6
120 2
210 3
200 2
100 6
170 2
240 3
240 5
130 3
110 8
280 2
210 2
180 2
220 3
140 3
120 7
250 3
250 5
150 3
190 2
130 6
220 2
230 3
290 2
160 3
140 5
200 2
260 3
260 5
230 2
170 3
150 4
240 3
210 2
300 2
240 2
160 4
180 3
270 3
270 5
220 2
250 3
170 4
190 3
10 8
250 2
20 8
30 6
180 4
230 2
280 3
280 5
200 3
40 5
260 3
260 2
50 6
190 4
60 5
240 2
210 3
70 3
290 3
290 5
270 2
200 4
270 3
80 4
220 3
250 2
90 3
210 4
280 1
230 3
300 3
300 5
100 2
280 3
260 2
220 4
110 2
240 3
290 1
10 9
10 8
270 2
20 9
120 2
230 4
20 6
290 3
30 7
30 3
40 6
250 2
40 3
130 2
300 1
50 5
280 2
240 3
50 3
60 5
60 3
140 2
300 3
260 3
10 9
70 5
70 3
20 5
250 3
290 2
30 5
150 3
80 5
80 2
40 5
270 3
50 5
10 5
90 5
90 2
20 5
60 5
160 2
260 3
30 5
300 2
100 5
70 5
100 2
40 5
80 4
280 3
170 3
50 5
110 5
110 2
270 4
10 8
90 4
60 5
20 4
120 5
30 4
100 5
120 2
70 5
180 2
40 3
290 3
110 5
50 4
80 5
280 4
130 5
130 3
60 4
120 5
90 5
190 3
70 4
140 5
140 2
300 3
100 5
130 5
80 3
290 4
200 3
90 3
150 5
110 5
140 5
150 2
10 10
100 3
20 10
30 8
150 5
120 5
160 5
300 4
110 3
160 2
210 2
40 6
50 5
160 5
130 5
120 3
60 5
170 5
10 7
170 2
20 7
70 5
220 3
130 3
170 5
140 5
30 3
80 5
40 3
180 5
140 3
50 3
180 3
90 5
180 4
150 5
60 3
230 4
100 5
150 3
70 3
190 5
190 5
190 3
160 5
110 5
80 3
160 3
90 3
240 4
120 5
200 4
200 5
170 5
200 3
170 3
100 3
130 5
110 3
210 4
180 3
250 3
210 5
140 5
180 5
210 2
120 3
150 5
190 3
220 4
130 3
190 5
220 5
260 3
220 2
160 5
140 3
200 3
230 4
200 5
170 5
150 3
230 5
210 3
230 2
270 3
240 4
180 5
160 3
210 5
220 3
240 5
170 3
240 2
190 5
250 4
280 3
220 5
230 3
180 3
200 5
250 5
260 4
250 2
190 3
230 5
240 3
290 3
210 5
270 4
260 5
200 3
260 2
220 5
250 3
240 5
300 3
210 3
280 4
230 5
270 5
260 3
270 2
250 5
220 3
10 7
290 4
240 5
20 3
270 3
30 3
280 5
230 3
280 2
40 4
260 5
50 5
250 5
300 4
280 3
60 5
240 3
290 4
70 5
270 5
290 3
260 5
10 10
20 5
80 4
30 7
290 3
250 3
40 4
90 4
50 3
270 5
280 5
300 5
60 3
100 4
300 4
260 3
300 3
70 3
110 4
80 2
280 5
10 9
10 8
290 5
90 1
10 10
20 6
120 3
270 3
20 7
20 7
30 6
30 5
100 1
30 5
40 6
40 6
130 2
290 5
40 4
110 1
50 4
50 5
50 4
280 3
60 4
300 5
60 5
140 2
120 1
60 4
70 5
70 5
300 5
70 5
80 4
130 1
150 2
290 3
80 5
90 3
80 5
10 8
140 1
20 4
90 5
10 9
100 3
90 4
160 2
30 5
20 6
150 1
30 6
40 4
100 5
110 3
300 3
40 6
100 4
50 3
50 6
170 2
120 3
160 1
110 5
60 4
60 5
110 4
10 10
130 4
70 5
70 4
20 7
120 6
170 1
180 2
120 4
30 4
80 5
80 4
140 4
40 4
130 6
90 4
180 1
50 4
130 4
90 4
190 2
60 4
150 4
100 4
140 6
70 4
100 4
190 1
140 4
110 5
160 4
80 5
200 2
110 4
150 6
120 5
90 5
150 4
200 1
170 4
120 4
100 5
130 5
160 6
210 2
160 4
180 4
210 1
110 4
130 4
140 5
120 4
170 6
190 4
170 4
150 5
220 2
220 1
140 4
130 4
160 5
180 5
200 4
150 4
140 4
180 4
230 1
230 2
170 5
150 4
210 4
190 4
160 4
190 4
240 1
180 5
160 4
240 2
220 4
170 4
200 5
200 4
190 5
250 1
170 4
250 2
180 4
230 4
210 5
180 4
200 5
210 4
260 1
190 4
240 4
190 4
210 5
260 2
220 5
220 4
270 1
200 4
200 4
250 4
220 5
230 5
270 2
230 4
280 1
210 4
210 4
230 5
260 4
240 5
220 4
240 4
280 2
290 1
240 5
220 4
270 4
230 4
250 5
250 5
250 4
300 1
230 4
290 2
280 4
240 4
260 5
260 5
10 10
20 8
260 3
240 4
290 4
30 5
250 4
300 2
40 4
50 4
270 5
270 5
60 3
250 4
300 4
270 4
260 4
10 3
70 1
20 4
280 6
80 2
30 4
40 2
280 5
90 2
270 4
280 3
260 4
50 2
100 1
60 4
290 5
110 2
70 2
280 4
290 3
290 5
270 4
80 2
120 2
300 5
90 2
290 4
130 2
300 3
100 3
280 4
300 5
10 9
20 5
140 1
30 4
110 3
10 9
40 5
300 4
20 7
150 1
50 4
30 6
10 10
120 3
40 7
290 4
20 7
60 4
50 7
30 5
160 1
10 7
70 4
130 3
20 5
60 6
40 6
80 4
30 5
70 6
50 6
40 5
170 1
90 4
140 4
80 7
60 4
50 5
300 4
60 5
100 4
90 6
70 4
180 1
150 4
70 4
110 4
100 7
80 3
80 3
10 6
20 5
120 4
110 7
160 4
90 3
190 2
90 3
30 4
120 7
130 4
40 4
100 4
100 4
170 4
200 2
50 4
130 7
110 4
140 4
110 4
60 4
120 4
180 4
140 6
210 2
70 3
150 4
120 3
130 4
80 4
150 6
160 4
190 4
130 3
220 2
90 4
140 4
160 6
170 4
140 3
100 4
200 4
150 4
230 2
170 6
180 4
110 3
150 4
160 4
210 4
180 6
240 2
120 4
190 4
160 5
170 4
190 6
130 3
250 2
170 4
200 4
220 4
180 5
140 4
200 6
180 4
210 4
190 5
260 2
230 4
150 4
210 6
200 5
220 4
190 3
160 4
270 1
240 4
220 6
210 5
230 4
200 3
170 4
280 1
230 5
250 4
220 6
240 4
210 3
180 3
240 6
290 1
230 6
260 4
220 4
250 4
190 3
250 6
240 6
300 1
200 3
260 4
230 4
270 4
260 6
250 6
210 3
270 4
240 3
280 4
270 6
260 6
220 3
280 4
250 3
280 6
270 6
290 4
230 3
290 4
260 3
290 6
280 6
240 3
300 4
300 4
270 3
290 6
300 6
10 7
250 3
20 12
30 8
10 6
300 6
40 7
280 3
20 6
30 6
50 4
260 3
40 5
60 3
10 7
50 4
20 6
70 4
60 4
30 3
290 3
40 3
70 3
270 3
80 4
50 3
80 4
60 3
90 4
90 3
70 3
100 4
80 3
300 3
100 3
280 3
90 3
110 5
110 4
100 3
120 4
10 10
120 4
110 3
20 8
290 3
30 5
130 4
130 4
120 3
40 5
140 4
50 4
140 4
130 3
60 5
300 3
150 4
140 3
70 5
150 4
160 5
80 5
150 3
160 4
10 7
20 5
90 5
170 5
30 3
160 3
170 4
100 5
40 4
180 5
50 4
170 3
110 5
60 4
180 4
190 5
70 4
180 3
120 5
80 4
190 4
190 3
130 5
200 4
90 5
140 5
100 5
200 3
200 4
210 4
110 5
150 5
210 3
220 4
210 4
120 5
160 5
220 3
130 5
230 5
220 4
170 5
140 5
230 3
240 5
230 4
180 5
150 5
240 3
250 4
160 5
190 5
240 4
250 3
170 5
260 5
200 5
260 3
250 4
180 5
270 5
210 5
270 3
190 5
260 4
280 5
220 5
280 3
200 5
270 4
290 4
230 5
210 5
290 3
280 4
300 4
240 5
220 5
300 3
10 5
230 5
20 3
250 5
290 4
10 6
20 3
30 4
30 1
40 4
40 2
50 5
50 2
240 5
60 4
260 5
60 2
300 4
70 5
70 2
80 3
80 1
250 5
90 4
90 3
270 5
10 5
20 3
100 4
100 3
30 3
40 3
110 3
110 3
260 5
50 3
280 5
120 3
120 3
60 3
130 2
130 3
70 3
270 5
80 3
140 2
140 4
290 5
90 3
150 4
150 2
280 5
100 3
160 2
160 2
300 5
110 3
170 3
170 2
120 4
290 5
180 3
180 2
130 4
190 3
190 2
300 5
140 4
200 3
200 2
150 4
10 8
20 8
210 3
210 2
160 4
30 6
40 5
50 5
220 3
220 2
170 4
60 6
70 5
230 3
230 3
180 4
80 6
90 6
190 4
240 3
240 2
100 6
200 4
250 3
250 3
110 5
120 5
210 4
260 3
260 3
130 5
220 4
270 3
270 3
140 5
150 5
230 4
280 3
280 3
160 5
240 4
290 3
290 4
170 5
180 5
250 4
300 4
300 2
190 5
10 9
10 10
20 6
20 10
260 4
30 5
30 8
40 4
40 3
200 5
50 5
50 2
60 5
60 2
270 4
70 4
70 2
210 5
80 4
80 2
90 4
90 2
280 4
220 5
100 4
100 2
110 4
110 2
120 4
230 5
120 2
290 5
130 4
130 2
240 5
140 4
140 2
300 5
150 4
150 3
250 5
160 4
160 3
10 6
20 5
170 4
30 4
170 3
40 3
260 5
50 3
180 3
180 3
60 3
190 3
70 3
270 5
190 3
80 3
200 3
200 3
90 3
280 5
100 3
210 3
210 3
110 3
220 3
220 3
290 5
120 3
230 3
130 3
230 3
300 5
140 3
240 3
240 3
150 3
10 12
250 3
20 11
250 3
30 5
160 3
40 6
50 6
260 3
260 3
170 3
60 4
70 4
270 3
180 3
270 2
80 4
90 4
190 3
280 3
280 2
100 4
200 3
110 4
290 3
290 2
120 3
210 3
130 3
300 3
300 2
140 3
220 3
10 8
20 3
10 7
30 2
150 3
20 6
40 2
30 6
230 3
40 7
50 2
160 3
50 7
60 3
60 7
70 2
70 7
240 3
80 2
170 3
80 6
90 2
90 6
100 3
180 3
250 3
100 6
110 4
110 6
190 3
120 4
120 6
260 3
130 3
130 6
200 3
140 4
140 6
270 3
150 4
210 3
150 6
160 4
160 6
220 3
280 3
170 4
170 6
180 4
230 3
180 6
290 3
190 4
190 6
240 3
200 4
300 3
200 6
250 3
210 4
210 6
10 5
20 4
220 4
30 4
220 6
260 3
40 4
50 4
230 4
60 4
230 6
70 4
270 3
240 4
80 4
240 6
90 4
250 4
280 3
100 4
250 6
110 4
260 4
260 6
290 3
120 4
270 4
130 4
270 6
300 3
140 4
280 4
280 6
150 4
10 7
20 7
290 4
160 4
30 5
290 6
40 5
50 5
170 4
300 4
60 5
300 6
70 5
180 4
10 8
80 5
20 11
10 5
30 8
20 5
90 5
190 4
40 7
30 5
50 6
40 4
100 5
50 4
60 6
60 4
200 4
110 4
70 6
70 4
80 5
120 5
80 4
90 6
210 4
90 4
100 5
130 5
100 4
110 6
140 5
220 4
110 4
120 6
120 4
150 4
130 6
230 5
130 4
140 6
160 5
140 4
150 6
240 5
150 4
170 5
160 6
160 4
180 5
170 6
250 5
170 4
180 6
190 5
180 4
260 5
190 6
200 4
190 4
200 6
270 5
200 4
210 4
210 5
210 4
280 5
220 4
220 5
220 4
230 5
230 4
290 5
230 4
240 5
240 4
300 5
240 4
250 5
250 4
10 10
250 4
20 6
30 4
40 5
260 4
260 5
50 5
260 4
60 4
70 4
270 5
270 4
80 3
270 4
90 3
280 5
280 4
100 3
280 4
110 3
120 3
290 5
290 4
290 4
130 3
300 5
140 3
300 4
300 4
150 3
10 8
20 4
160 3
30 4
40 4
50 4
170 3
60 4
70 4
180 3
80 4
90 4
190 3
100 4
200 3
110 5
120 4
210 3
130 4
220 3
140 4
150 5
230 4
160 5
240 4
170 5
250 3
180 5
190 5
260 3
200 5
270 3
210 5
280 3
220 5
230 5
290 3
240 5
300 3
250 5
260 5
270 5
280 5
290 5
300 5
